Wavelength(nm)	n	k
250	2.90000000000000	2.87112000000000
260	2.90000000000000	3.19456000000000
270	2.90000000000000	3.67664000000000
280	2.90000000000000	4.15688000000000
290	2.90000000000000	4.24992000000000
300	2.90000000000000	3.43200000000000
310	2.90000000000000	2.89912000000000
320	2.90000000000000	2.62592000000000
330	2.90000000000000	2.47480000000000
340	2.90000000000000	2.36584000000000
350	2.90000000000000	2.32624000000000
360	2.90000000000000	2.33080000000000
370	2.90000000000000	1.71224000000000
380	2.90000000000000	0.787192000000000
390	2.90000000000000	0.402464000000000
400	2.90000000000000	0.261016000000000
410	2.90000000000000	0.193016000000000
420	2.90000000000000	0.141552000000000
430	2.90000000000000	0.110128000000000
440	2.90000000000000	0.0896080000000000
450	2.90000000000000	0.0762896000000000
460	2.90000000000000	0.0632840000000000
470	2.90000000000000	0.0561920000000000
480	2.90000000000000	0.0478536000000000
490	2.90000000000000	0.0430480000000000
500	2.90000000000000	0.0388336000000000
510	2.90000000000000	0.0350648000000000
520	2.90000000000000	0.0316248000000000
530	2.90000000000000	0.0278432000000000
540	2.90000000000000	0.0239168000000000
550	2.90000000000000	0.0224304000000000
560	2.90000000000000	0.0212408000000000
570	2.90000000000000	0.0189968000000000
580	2.90000000000000	0.0175168000000000
590	2.90000000000000	0.0160608000000000
600	2.90000000000000	0.0148168000000000
610	2.90000000000000	0.0138056000000000
620	2.90000000000000	0.0134472000000000
630	2.90000000000000	0.0130144000000000
640	2.90000000000000	0.0117544000000000
650	2.90000000000000	0.0115576000000000
660	2.90000000000000	0.0108864000000000
670	2.90000000000000	0.0102456000000000
680	2.90000000000000	0.00963600000000000
690	2.90000000000000	0.00905360000000000
700	2.90000000000000	0.00849840000000000
710	2.90000000000000	0.00796880000000000
720	2.90000000000000	0.00746680000000000
730	2.90000000000000	0.00698496000000000
740	2.90000000000000	0.00652944000000000
750	2.90000000000000	0.00609248000000000
760	2.90000000000000	0.00567536000000000
770	2.90000000000000	0.00528432000000000
780	2.90000000000000	0.00490704000000000
790	2.90000000000000	0.00455104000000000
800	2.90000000000000	0.00421240000000000
810	2.90000000000000	0.00389120000000000
820	2.90000000000000	0.00358688000000000
830	2.90000000000000	0.00329880000000000
840	2.90000000000000	0.00302624000000000
850	2.90000000000000	0.00276840000000000
860	2.90000000000000	0.00252504000000000
870	2.90000000000000	0.00229576000000000
880	2.90000000000000	0.00208008000000000
890	2.90000000000000	0.00187712000000000
900	2.90000000000000	0.00168736000000000
910	2.90000000000000	0.00150912000000000
920	2.90000000000000	0.00134296000000000
930	2.90000000000000	0.00118056000000000
940	2.90000000000000	0.00104488000000000
950	2.90000000000000	0.000911440000000000
960	2.90000000000000	0.000785944000000000
970	2.90000000000000	0.000672480000000000
980	2.90000000000000	0.000570672000000000
990	2.90000000000000	0.000477104000000000
1000	2.90000000000000	0.000392160000000000
1010	2.90000000000000	0.000316928000000000
1020	2.90000000000000	0.000251496000000000
1030	2.90000000000000	0.000192384000000000
1040	2.90000000000000	0.000143672000000000
1050	2.90000000000000	0.000104344000000000
1060	2.90000000000000	7.39600000000000e-05
1070	2.90000000000000	5.42560000000000e-05
1080	2.90000000000000	4.17344000000000e-05
1090	2.90000000000000	3.18160000000000e-05
1100	2.90000000000000	2.41736000000000e-05
1110	2.90000000000000	1.83304000000000e-05
1120	2.90000000000000	1.36544000000000e-05
1130	2.90000000000000	9.90560000000000e-06
1140	2.90000000000000	6.89680000000000e-06
1150	2.90000000000000	4.55008000000000e-06
1160	2.90000000000000	2.74200000000000e-06
1170	2.90000000000000	1.41224000000000e-06
1180	2.90000000000000	4.44488000000000e-07
1190	2.90000000000000	1.85224000000000e-07
1200	2.90000000000000	1.11232000000000e-07
1210	2.90000000000000	6.46904000000000e-08
1220	2.90000000000000	3.83520000000000e-08
1230	2.90000000000000	2.17056000000000e-08
1240	2.90000000000000	1.14544000000000e-08
1250	2.90000000000000	4.70384000000000e-09
1260	2.90000000000000	1.86816000000000e-09
1270	2.90000000000000	1.01712000000000e-09
1280	2.90000000000000	6.02272000000000e-10
1290	2.90000000000000	3.58392000000000e-10
1300	2.90000000000000	2.17824000000000e-10
1310	2.90000000000000	1.26848000000000e-10
1320	2.90000000000000	6.97568000000000e-11
1330	2.90000000000000	3.36312000000000e-11
1340	2.90000000000000	1.45024000000000e-11
1350	2.90000000000000	8.34240000000000e-12
1360	2.90000000000000	5.03288000000000e-12
1370	2.90000000000000	3.12240000000000e-12
1380	2.90000000000000	2.10936000000000e-12
1390	2.90000000000000	1.39016000000000e-12
1400	2.90000000000000	8.34240000000000e-13
1410	2.90000000000000	4.83376000000000e-13
1420	2.90000000000000	3.43160000000000e-13
1430	2.90000000000000	1.63048000000000e-13
1440	2.90000000000000	1.10280000000000e-13
1450	2.90000000000000	8.72080000000000e-14
2000	2.90000000000000	3.40800000000000e-08
2010	2.90000000000000	3.46400000000000e-08
2020	2.90000000000000	3.51200000000000e-08
2030	2.90000000000000	3.56800000000000e-08
2040	2.90000000000000	3.62400000000000e-08
2050	2.90000000000000	3.68000000000000e-08
2060	2.90000000000000	3.73600000000000e-08
2070	2.90000000000000	3.79200000000000e-08
2080	2.90000000000000	3.84800000000000e-08
2090	2.90000000000000	3.90400000000000e-08
2100	2.90000000000000	3.96000000000000e-08
2110	2.90000000000000	4.02400000000000e-08
2120	2.90000000000000	4.08000000000000e-08
2130	2.90000000000000	4.14400000000000e-08
2140	2.90000000000000	4.20000000000000e-08
2150	2.90000000000000	4.26400000000000e-08
2160	2.90000000000000	4.32800000000000e-08
2170	2.90000000000000	4.38400000000000e-08
2180	2.90000000000000	4.44800000000000e-08
2190	2.90000000000000	4.51200000000000e-08
2200	2.90000000000000	4.57600000000000e-08
2210	2.90000000000000	4.64000000000000e-08
2220	2.90000000000000	4.70400000000000e-08
2230	2.90000000000000	4.77600000000000e-08
2240	2.90000000000000	4.84000000000000e-08
2250	2.90000000000000	4.91200000000000e-08
2260	2.90000000000000	4.97600000000000e-08
2270	2.90000000000000	5.04800000000000e-08
2280	2.90000000000000	5.11200000000000e-08
2290	2.90000000000000	5.18400000000000e-08
2300	2.90000000000000	5.25600000000000e-08
2310	2.90000000000000	5.32800000000000e-08
2320	2.90000000000000	5.40000000000000e-08
2330	2.90000000000000	5.47200000000000e-08
2340	2.90000000000000	5.54400000000000e-08
2350	2.90000000000000	5.61600000000000e-08
2360	2.90000000000000	5.69600000000000e-08
2370	2.90000000000000	5.76800000000000e-08
2380	2.90000000000000	5.84800000000000e-08
2390	2.90000000000000	5.92000000000000e-08
2400	2.90000000000000	6.00000000000000e-08
2410	2.90000000000000	6.08000000000000e-08
2420	2.90000000000000	6.16000000000000e-08
2430	2.90000000000000	6.24000000000000e-08
2440	2.90000000000000	6.32000000000000e-08
2450	2.90000000000000	6.40000000000000e-08
2460	2.90000000000000	6.48000000000000e-08
2470	2.90000000000000	6.56000000000000e-08
2480	2.90000000000000	6.64800000000000e-08
2490	2.90000000000000	6.72800000000000e-08
2500	2.90000000000000	6.81600000000000e-08
2510	2.90000000000000	6.90400000000000e-08
2520	2.90000000000000	6.99200000000000e-08
2530	2.90000000000000	7.07200000000000e-08
2540	2.90000000000000	7.16000000000000e-08
2550	2.90000000000000	7.25600000000000e-08
2560	2.90000000000000	7.34400000000000e-08
2570	2.90000000000000	7.43200000000000e-08
2580	2.90000000000000	7.52000000000000e-08
2590	2.90000000000000	7.61600000000000e-08
2600	2.90000000000000	7.71200000000000e-08
2610	2.90000000000000	7.80000000000000e-08
2620	2.90000000000000	7.89600000000000e-08
2630	2.90000000000000	7.99200000000000e-08
2640	2.90000000000000	8.08800000000000e-08
2650	2.90000000000000	8.18400000000000e-08
2660	2.90000000000000	8.28000000000000e-08
2670	2.90000000000000	8.38400000000000e-08
2680	2.90000000000000	8.48000000000000e-08
2690	2.90000000000000	8.57600000000000e-08
2700	2.90000000000000	8.68000000000000e-08
2710	2.90000000000000	8.78400000000000e-08
2720	2.90000000000000	8.88800000000000e-08
2730	2.90000000000000	8.99200000000000e-08
2740	2.90000000000000	9.09600000000000e-08
2750	2.90000000000000	9.20000000000000e-08
2760	2.90000000000000	9.30400000000000e-08
2770	2.90000000000000	9.40800000000000e-08
2780	2.90000000000000	9.52000000000000e-08
2790	2.90000000000000	9.63200000000000e-08
2800	2.90000000000000	9.73600000000000e-08
2810	2.90000000000000	9.84800000000000e-08
2820	2.90000000000000	9.96000000000000e-08
2830	2.90000000000000	1.00720000000000e-07
2840	2.90000000000000	1.01840000000000e-07
2850	2.90000000000000	1.02960000000000e-07
2860	2.90000000000000	1.04160000000000e-07
2870	2.90000000000000	1.05280000000000e-07
2880	2.90000000000000	1.06480000000000e-07
2890	2.90000000000000	1.07680000000000e-07
2900	2.90000000000000	1.08880000000000e-07
2910	2.90000000000000	1.10080000000000e-07
2920	2.90000000000000	1.11280000000000e-07
2930	2.90000000000000	1.12480000000000e-07
2940	2.90000000000000	1.13680000000000e-07
2950	2.90000000000000	1.14960000000000e-07
2960	2.90000000000000	1.16160000000000e-07
2970	2.90000000000000	1.17440000000000e-07
2980	2.90000000000000	1.18720000000000e-07
2990	2.90000000000000	1.20000000000000e-07
3000	2.90000000000000	1.21280000000000e-07
3010	2.90000000000000	1.22560000000000e-07
3020	2.90000000000000	1.23840000000000e-07
3030	2.90000000000000	1.25200000000000e-07
3040	2.90000000000000	1.26480000000000e-07
3050	2.90000000000000	1.27840000000000e-07
3060	2.90000000000000	1.29200000000000e-07
3070	2.90000000000000	1.30560000000000e-07
3080	2.90000000000000	1.31920000000000e-07
3090	2.90000000000000	1.33280000000000e-07
3100	2.90000000000000	1.34640000000000e-07
3110	2.90000000000000	1.36080000000000e-07
3120	2.90000000000000	1.37520000000000e-07
3130	2.90000000000000	1.38880000000000e-07
3140	2.90000000000000	1.40320000000000e-07
3150	2.90000000000000	1.41760000000000e-07
3160	2.90000000000000	1.43200000000000e-07
3170	2.90000000000000	1.44720000000000e-07
3180	2.90000000000000	1.46160000000000e-07
3190	2.90000000000000	1.47680000000000e-07
3200	2.90000000000000	1.49120000000000e-07
3210	2.90000000000000	1.50640000000000e-07
3220	2.90000000000000	1.52160000000000e-07
3230	2.90000000000000	1.53680000000000e-07
3240	2.90000000000000	1.55280000000000e-07
3250	2.90000000000000	1.56800000000000e-07
3260	2.90000000000000	1.58400000000000e-07
3270	2.90000000000000	1.59920000000000e-07
3280	2.90000000000000	1.61520000000000e-07
3290	2.90000000000000	1.63120000000000e-07
3300	2.90000000000000	1.64720000000000e-07
3310	2.90000000000000	1.66320000000000e-07
3320	2.90000000000000	1.68000000000000e-07
3330	2.90000000000000	1.69600000000000e-07
3340	2.90000000000000	1.71280000000000e-07
3350	2.90000000000000	1.72960000000000e-07
3360	2.90000000000000	1.74640000000000e-07
3370	2.90000000000000	1.76320000000000e-07
3380	2.90000000000000	1.78080000000000e-07
3390	2.90000000000000	1.79760000000000e-07
3400	2.90000000000000	1.81520000000000e-07
3410	2.90000000000000	1.83200000000000e-07
3420	2.90000000000000	1.84960000000000e-07
3430	2.90000000000000	1.86720000000000e-07
3440	2.90000000000000	1.88560000000000e-07
3450	2.90000000000000	1.90320000000000e-07
3460	2.90000000000000	1.92160000000000e-07
3470	2.90000000000000	1.93920000000000e-07
3480	2.90000000000000	1.95760000000000e-07
3490	2.90000000000000	1.97600000000000e-07
3500	2.90000000000000	1.99520000000000e-07
3510	2.90000000000000	2.01360000000000e-07
3520	2.90000000000000	2.03280000000000e-07
3530	2.90000000000000	2.05120000000000e-07
3540	2.90000000000000	2.07040000000000e-07
3550	2.90000000000000	2.08960000000000e-07
3560	2.90000000000000	2.10880000000000e-07
3570	2.90000000000000	2.12880000000000e-07
3580	2.90000000000000	2.14800000000000e-07
3590	2.90000000000000	2.16800000000000e-07
3600	2.90000000000000	2.18800000000000e-07
3610	2.90000000000000	2.20800000000000e-07
3620	2.90000000000000	2.22800000000000e-07
3630	2.90000000000000	2.24880000000000e-07
3640	2.90000000000000	2.26880000000000e-07
3650	2.90000000000000	2.28960000000000e-07
3660	2.90000000000000	2.31040000000000e-07
3670	2.90000000000000	2.33120000000000e-07
3680	2.90000000000000	2.35280000000000e-07
3690	2.90000000000000	2.37360000000000e-07
3700	2.90000000000000	2.39520000000000e-07
3710	2.90000000000000	2.41680000000000e-07
3720	2.90000000000000	2.43840000000000e-07
3730	2.90000000000000	2.46000000000000e-07
3740	2.90000000000000	2.48160000000000e-07
3750	2.90000000000000	2.50400000000000e-07
3760	2.90000000000000	2.52640000000000e-07
3770	2.90000000000000	2.54880000000000e-07
3780	2.90000000000000	2.57120000000000e-07
3790	2.90000000000000	2.59360000000000e-07
3800	2.90000000000000	2.61680000000000e-07
3810	2.90000000000000	2.63920000000000e-07
3820	2.90000000000000	2.66240000000000e-07
3830	2.90000000000000	2.68560000000000e-07
3840	2.90000000000000	2.70960000000000e-07
3850	2.90000000000000	2.73280000000000e-07
3860	2.90000000000000	2.75680000000000e-07
3870	2.90000000000000	2.78080000000000e-07
3880	2.90000000000000	2.80480000000000e-07
3890	2.90000000000000	2.82880000000000e-07
3900	2.90000000000000	2.85360000000000e-07
3910	2.90000000000000	2.87760000000000e-07
3920	2.90000000000000	2.90240000000000e-07
3930	2.90000000000000	2.92720000000000e-07
3940	2.90000000000000	2.95280000000000e-07
3950	2.90000000000000	2.97760000000000e-07
3960	2.90000000000000	3.00320000000000e-07
3970	2.90000000000000	3.02880000000000e-07
3980	2.90000000000000	3.05440000000000e-07
3990	2.90000000000000	3.08080000000000e-07
4000	2.90000000000000	3.10640000000000e-07
4010	2.90000000000000	3.13280000000000e-07
4020	2.90000000000000	3.15920000000000e-07
4030	2.90000000000000	3.18560000000000e-07
4040	2.90000000000000	3.21280000000000e-07
4050	2.90000000000000	3.23920000000000e-07
4060	2.90000000000000	3.26640000000000e-07
4070	2.90000000000000	3.29360000000000e-07
4080	2.90000000000000	3.32160000000000e-07
4090	2.90000000000000	3.34880000000000e-07
4100	2.90000000000000	3.37680000000000e-07
4110	2.90000000000000	3.40480000000000e-07
4120	2.90000000000000	3.43280000000000e-07
4130	2.90000000000000	3.46160000000000e-07
4140	2.90000000000000	3.48960000000000e-07
4150	2.90000000000000	3.51840000000000e-07
4160	2.90000000000000	3.54720000000000e-07
4170	2.90000000000000	3.57680000000000e-07
4180	2.90000000000000	3.60640000000000e-07
4190	2.90000000000000	3.63520000000000e-07
4200	2.90000000000000	3.66560000000000e-07
4210	2.90000000000000	3.69520000000000e-07
4220	2.90000000000000	3.72480000000000e-07
4230	2.90000000000000	3.75520000000000e-07
4240	2.90000000000000	3.78560000000000e-07
4250	2.90000000000000	3.81680000000000e-07
4260	2.90000000000000	3.84720000000000e-07
4270	2.90000000000000	3.87840000000000e-07
4280	2.90000000000000	3.90960000000000e-07
4290	2.90000000000000	3.94080000000000e-07
4300	2.90000000000000	3.97280000000000e-07
4310	2.90000000000000	4.00480000000000e-07
4320	2.90000000000000	4.03680000000000e-07
4330	2.90000000000000	4.06880000000000e-07
4340	2.90000000000000	4.10160000000000e-07
4350	2.90000000000000	4.13440000000000e-07
4360	2.90000000000000	4.16720000000000e-07
4370	2.90000000000000	4.20000000000000e-07
4380	2.90000000000000	4.23360000000000e-07
4390	2.90000000000000	4.26720000000000e-07
4400	2.90000000000000	4.30080000000000e-07
4410	2.90000000000000	4.33440000000000e-07
4420	2.90000000000000	4.36880000000000e-07
4430	2.90000000000000	4.40320000000000e-07
4440	2.90000000000000	4.43760000000000e-07
4450	2.90000000000000	4.47280000000000e-07
4460	2.90000000000000	4.50800000000000e-07
4470	2.90000000000000	4.54320000000000e-07
4480	2.90000000000000	4.57840000000000e-07
4490	2.90000000000000	4.61440000000000e-07
4500	2.90000000000000	4.64960000000000e-07
4510	2.90000000000000	4.68640000000000e-07
4520	2.90000000000000	4.72240000000000e-07
4530	2.90000000000000	4.75920000000000e-07
4540	2.90000000000000	4.79600000000000e-07
4550	2.90000000000000	4.83280000000000e-07
4560	2.90000000000000	4.87040000000000e-07
4570	2.90000000000000	4.90800000000000e-07
4580	2.90000000000000	4.94560000000000e-07
4590	2.90000000000000	4.98400000000000e-07
4600	2.90000000000000	5.02160000000000e-07
4610	2.90000000000000	5.06080000000000e-07
4620	2.90000000000000	5.09920000000000e-07
4630	2.90000000000000	5.13840000000000e-07
4640	2.90000000000000	5.17760000000000e-07
4650	2.90000000000000	5.21680000000000e-07
4660	2.90000000000000	5.25680000000000e-07
4670	2.90000000000000	5.29680000000000e-07
4680	2.90000000000000	5.33680000000000e-07
4690	2.90000000000000	5.37760000000000e-07
4700	2.90000000000000	5.41840000000000e-07
4710	2.90000000000000	5.45920000000000e-07
4720	2.90000000000000	5.50000000000000e-07
4730	2.90000000000000	5.54160000000000e-07
4740	2.90000000000000	5.58320000000000e-07
4750	2.90000000000000	5.62560000000000e-07
4760	2.90000000000000	5.66800000000000e-07
4770	2.90000000000000	5.71040000000000e-07
4780	2.90000000000000	5.75280000000000e-07
4790	2.90000000000000	5.79600000000000e-07
4800	2.90000000000000	5.83920000000000e-07
4810	2.90000000000000	5.88320000000000e-07
4820	2.90000000000000	5.92720000000000e-07
4830	2.90000000000000	5.97120000000000e-07
4840	2.90000000000000	6.01600000000000e-07
4850	2.90000000000000	6.06080000000000e-07
4860	2.90000000000000	6.10560000000000e-07
4870	2.90000000000000	6.15040000000000e-07
4880	2.90000000000000	6.19600000000000e-07
4890	2.90000000000000	6.24240000000000e-07
4900	2.90000000000000	6.28800000000000e-07
4910	2.90000000000000	6.33440000000000e-07
4920	2.90000000000000	6.38160000000000e-07
4930	2.90000000000000	6.42800000000000e-07
4940	2.90000000000000	6.47520000000000e-07
4950	2.90000000000000	6.52320000000000e-07
4960	2.90000000000000	6.57120000000000e-07
4970	2.90000000000000	6.61920000000000e-07
4980	2.90000000000000	6.66800000000000e-07
4990	2.90000000000000	6.71680000000000e-07
5000	2.90000000000000	6.76560000000000e-07
5010	2.90000000000000	6.81520000000000e-07
5020	2.90000000000000	6.86480000000000e-07
5030	2.90000000000000	6.91440000000000e-07
5040	2.90000000000000	6.96480000000000e-07
5050	2.90000000000000	7.01520000000000e-07
5060	2.90000000000000	7.06640000000000e-07
5070	2.90000000000000	7.11760000000000e-07
5080	2.90000000000000	7.16960000000000e-07
5090	2.90000000000000	7.22080000000000e-07
5100	2.90000000000000	7.27360000000000e-07
5110	2.90000000000000	7.32560000000000e-07
5120	2.90000000000000	7.37840000000000e-07
5130	2.90000000000000	7.43200000000000e-07
5140	2.90000000000000	7.48560000000000e-07
5150	2.90000000000000	7.53920000000000e-07
5160	2.90000000000000	7.59360000000000e-07
5170	2.90000000000000	7.64800000000000e-07
5180	2.90000000000000	7.70320000000000e-07
5190	2.90000000000000	7.75840000000000e-07
5200	2.90000000000000	7.81360000000000e-07
5210	2.90000000000000	7.86960000000000e-07
5220	2.90000000000000	7.92560000000000e-07
5230	2.90000000000000	7.98240000000000e-07
5240	2.90000000000000	8.03920000000000e-07
5250	2.90000000000000	8.09680000000000e-07
5260	2.90000000000000	8.15440000000000e-07
5270	2.90000000000000	8.21200000000000e-07
5280	2.90000000000000	8.27040000000000e-07
5290	2.90000000000000	8.32960000000000e-07
5300	2.90000000000000	8.38880000000000e-07
5310	2.90000000000000	8.44800000000000e-07
5320	2.90000000000000	8.50800000000000e-07
5330	2.90000000000000	8.56800000000000e-07
5340	2.90000000000000	8.62880000000000e-07
5350	2.90000000000000	8.68960000000000e-07
5360	2.90000000000000	8.75120000000000e-07
5370	2.90000000000000	8.81280000000000e-07
5380	2.90000000000000	8.87440000000000e-07
5390	2.90000000000000	8.93760000000000e-07
5400	2.90000000000000	9.00000000000000e-07
5410	2.90000000000000	9.06320000000000e-07
5420	2.90000000000000	9.12720000000000e-07
5430	2.90000000000000	9.19120000000000e-07
5440	2.90000000000000	9.25600000000000e-07
5450	2.90000000000000	9.32080000000000e-07
5460	2.90000000000000	9.38560000000000e-07
5470	2.90000000000000	9.45200000000000e-07
5480	2.90000000000000	9.51760000000000e-07
5490	2.90000000000000	9.58400000000000e-07
5500	2.90000000000000	9.65120000000000e-07
5510	2.90000000000000	9.71840000000000e-07
5520	2.90000000000000	9.78640000000000e-07
5530	2.90000000000000	9.85440000000000e-07
5540	2.90000000000000	9.92320000000000e-07
5550	2.90000000000000	9.99280000000000e-07
5560	2.90000000000000	1.00616000000000e-06
5570	2.90000000000000	1.01320000000000e-06
5580	2.90000000000000	1.02024000000000e-06
5590	2.90000000000000	1.02728000000000e-06
5600	2.90000000000000	1.03448000000000e-06
5610	2.90000000000000	1.04160000000000e-06
5620	2.90000000000000	1.04880000000000e-06
5630	2.90000000000000	1.05608000000000e-06
5640	2.90000000000000	1.06344000000000e-06
5650	2.90000000000000	1.07080000000000e-06
5660	2.90000000000000	1.07816000000000e-06
5670	2.90000000000000	1.08560000000000e-06
5680	2.90000000000000	1.09312000000000e-06
5690	2.90000000000000	1.10064000000000e-06
5700	2.90000000000000	1.10824000000000e-06
5710	2.90000000000000	1.11592000000000e-06
5720	2.90000000000000	1.12360000000000e-06
5730	2.90000000000000	1.13136000000000e-06
5740	2.90000000000000	1.13912000000000e-06
5750	2.90000000000000	1.14696000000000e-06
5760	2.90000000000000	1.15488000000000e-06
5770	2.90000000000000	1.16280000000000e-06
5780	2.90000000000000	1.17080000000000e-06
5790	2.90000000000000	1.17880000000000e-06
5800	2.90000000000000	1.18688000000000e-06
5810	2.90000000000000	1.19504000000000e-06
5820	2.90000000000000	1.20328000000000e-06
5830	2.90000000000000	1.21152000000000e-06
5840	2.90000000000000	1.21976000000000e-06
5850	2.90000000000000	1.22816000000000e-06
5860	2.90000000000000	1.23656000000000e-06
5870	2.90000000000000	1.24504000000000e-06
5880	2.90000000000000	1.25352000000000e-06
5890	2.90000000000000	1.26208000000000e-06
5900	2.90000000000000	1.27072000000000e-06
5910	2.90000000000000	1.27944000000000e-06
5920	2.90000000000000	1.28816000000000e-06
5930	2.90000000000000	1.29696000000000e-06
5940	2.90000000000000	1.30584000000000e-06
5950	2.90000000000000	1.31472000000000e-06
5960	2.90000000000000	1.32368000000000e-06
5970	2.90000000000000	1.33272000000000e-06
5980	2.90000000000000	1.34184000000000e-06
5990	2.90000000000000	1.35096000000000e-06
6000	2.90000000000000	1.36016000000000e-06
6010	2.90000000000000	1.36944000000000e-06
6020	2.90000000000000	1.37872000000000e-06
6030	2.90000000000000	1.38816000000000e-06
6040	2.90000000000000	1.39760000000000e-06
6050	2.90000000000000	1.40712000000000e-06
6060	2.90000000000000	1.41664000000000e-06
6070	2.90000000000000	1.42632000000000e-06
6080	2.90000000000000	1.43600000000000e-06
6090	2.90000000000000	1.44576000000000e-06
6100	2.90000000000000	1.45560000000000e-06
6110	2.90000000000000	1.46544000000000e-06
6120	2.90000000000000	1.47544000000000e-06
6130	2.90000000000000	1.48544000000000e-06
6140	2.90000000000000	1.49552000000000e-06
6150	2.90000000000000	1.50568000000000e-06
6160	2.90000000000000	1.51592000000000e-06
6170	2.90000000000000	1.52624000000000e-06
6180	2.90000000000000	1.53656000000000e-06
6190	2.90000000000000	1.54704000000000e-06
6200	2.90000000000000	1.55752000000000e-06
6210	2.90000000000000	1.56808000000000e-06
6220	2.90000000000000	1.57872000000000e-06
6230	2.90000000000000	1.58944000000000e-06
6240	2.90000000000000	1.60024000000000e-06
6250	2.90000000000000	1.61104000000000e-06
6260	2.90000000000000	1.62200000000000e-06
6270	2.90000000000000	1.63304000000000e-06
6280	2.90000000000000	1.64408000000000e-06
6290	2.90000000000000	1.65528000000000e-06
6300	2.90000000000000	1.66648000000000e-06
6310	2.90000000000000	1.67776000000000e-06
6320	2.90000000000000	1.68920000000000e-06
6330	2.90000000000000	1.70064000000000e-06
6340	2.90000000000000	1.71216000000000e-06
6350	2.90000000000000	1.72376000000000e-06
6360	2.90000000000000	1.73552000000000e-06
6370	2.90000000000000	1.74728000000000e-06
6380	2.90000000000000	1.75912000000000e-06
6390	2.90000000000000	1.77104000000000e-06
6400	2.90000000000000	1.78312000000000e-06
6410	2.90000000000000	1.79520000000000e-06
6420	2.90000000000000	1.80736000000000e-06
6430	2.90000000000000	1.81968000000000e-06
6440	2.90000000000000	1.83200000000000e-06
6450	2.90000000000000	1.84448000000000e-06
6460	2.90000000000000	1.85704000000000e-06
6470	2.90000000000000	1.86960000000000e-06
6480	2.90000000000000	1.88232000000000e-06
6490	2.90000000000000	1.89512000000000e-06
6500	2.90000000000000	1.90800000000000e-06
6510	2.90000000000000	1.92104000000000e-06
6520	2.90000000000000	1.93408000000000e-06
6530	2.90000000000000	1.94728000000000e-06
6540	2.90000000000000	1.96048000000000e-06
6550	2.90000000000000	1.97384000000000e-06
6560	2.90000000000000	1.98728000000000e-06
6570	2.90000000000000	2.00088000000000e-06
6580	2.90000000000000	2.01448000000000e-06
6590	2.90000000000000	2.02824000000000e-06
6600	2.90000000000000	2.04208000000000e-06
6610	2.90000000000000	2.05600000000000e-06
6620	2.90000000000000	2.07008000000000e-06
6630	2.90000000000000	2.08416000000000e-06
6640	2.90000000000000	2.09840000000000e-06
6650	2.90000000000000	2.11280000000000e-06
6660	2.90000000000000	2.12720000000000e-06
6670	2.90000000000000	2.14176000000000e-06
6680	2.90000000000000	2.15648000000000e-06
6690	2.90000000000000	2.17120000000000e-06
6700	2.90000000000000	2.18608000000000e-06
6710	2.90000000000000	2.20112000000000e-06
6720	2.90000000000000	2.21616000000000e-06
6730	2.90000000000000	2.23144000000000e-06
6740	2.90000000000000	2.24672000000000e-06
6750	2.90000000000000	2.26216000000000e-06
6760	2.90000000000000	2.27776000000000e-06
6770	2.90000000000000	2.29336000000000e-06
6780	2.90000000000000	2.30920000000000e-06
6790	2.90000000000000	2.32512000000000e-06
6800	2.90000000000000	2.34112000000000e-06
6810	2.90000000000000	2.35728000000000e-06
6820	2.90000000000000	2.37352000000000e-06
6830	2.90000000000000	2.38992000000000e-06
6840	2.90000000000000	2.40648000000000e-06
6850	2.90000000000000	2.42312000000000e-06
6860	2.90000000000000	2.43992000000000e-06
6870	2.90000000000000	2.45680000000000e-06
6880	2.90000000000000	2.47384000000000e-06
6890	2.90000000000000	2.49104000000000e-06
6900	2.90000000000000	2.50832000000000e-06
6910	2.90000000000000	2.52576000000000e-06
6920	2.90000000000000	2.54328000000000e-06
6930	2.90000000000000	2.56104000000000e-06
6940	2.90000000000000	2.57888000000000e-06
6950	2.90000000000000	2.59688000000000e-06
6960	2.90000000000000	2.61504000000000e-06
6970	2.90000000000000	2.63328000000000e-06
6980	2.90000000000000	2.65168000000000e-06
6990	2.90000000000000	2.67032000000000e-06
7000	2.90000000000000	2.68904000000000e-06
7010	2.90000000000000	2.70792000000000e-06
7020	2.90000000000000	2.72688000000000e-06
7030	2.90000000000000	2.74608000000000e-06
7040	2.90000000000000	2.76544000000000e-06
7050	2.90000000000000	2.78496000000000e-06
7060	2.90000000000000	2.80456000000000e-06
7070	2.90000000000000	2.82440000000000e-06
7080	2.90000000000000	2.84440000000000e-06
7090	2.90000000000000	2.86456000000000e-06
7100	2.90000000000000	2.88488000000000e-06
7110	2.90000000000000	2.90536000000000e-06
7120	2.90000000000000	2.92600000000000e-06
7130	2.90000000000000	2.94680000000000e-06
7140	2.90000000000000	2.96784000000000e-06
7150	2.90000000000000	2.98904000000000e-06
7160	2.90000000000000	3.01040000000000e-06
7170	2.90000000000000	3.03192000000000e-06
7180	2.90000000000000	3.05368000000000e-06
7190	2.90000000000000	3.07560000000000e-06
7200	2.90000000000000	3.09776000000000e-06
7210	2.90000000000000	3.12008000000000e-06
7220	2.90000000000000	3.14256000000000e-06
7230	2.90000000000000	3.16528000000000e-06
7240	2.90000000000000	3.18816000000000e-06
7250	2.90000000000000	3.21128000000000e-06
7260	2.90000000000000	3.23456000000000e-06
7270	2.90000000000000	3.25808000000000e-06
7280	2.90000000000000	3.28184000000000e-06
7290	2.90000000000000	3.30584000000000e-06
7300	2.90000000000000	3.33000000000000e-06
7310	2.90000000000000	3.35440000000000e-06
7320	2.90000000000000	3.37896000000000e-06
7330	2.90000000000000	3.40384000000000e-06
7340	2.90000000000000	3.42896000000000e-06
7350	2.90000000000000	3.45424000000000e-06
7360	2.90000000000000	3.47976000000000e-06
7370	2.90000000000000	3.50560000000000e-06
7380	2.90000000000000	3.53160000000000e-06
7390	2.90000000000000	3.55792000000000e-06
7400	2.90000000000000	3.58448000000000e-06
7410	2.90000000000000	3.61128000000000e-06
7420	2.90000000000000	3.63832000000000e-06
7430	2.90000000000000	3.66560000000000e-06
7440	2.90000000000000	3.69320000000000e-06
7450	2.90000000000000	3.72104000000000e-06
7460	2.90000000000000	3.74920000000000e-06
7470	2.90000000000000	3.77768000000000e-06
7480	2.90000000000000	3.80632000000000e-06
7490	2.90000000000000	3.83536000000000e-06
7500	2.90000000000000	3.86464000000000e-06
7510	2.90000000000000	3.89424000000000e-06
7520	2.90000000000000	3.92416000000000e-06
7530	2.90000000000000	3.95440000000000e-06
7540	2.90000000000000	3.98496000000000e-06
7550	2.90000000000000	4.01576000000000e-06
7560	2.90000000000000	4.04696000000000e-06
7570	2.90000000000000	4.07848000000000e-06
7580	2.90000000000000	4.11032000000000e-06
7590	2.90000000000000	4.14256000000000e-06
7600	2.90000000000000	4.17512000000000e-06
7610	2.90000000000000	4.20808000000000e-06
7620	2.90000000000000	4.24136000000000e-06
7630	2.90000000000000	4.27504000000000e-06
7640	2.90000000000000	4.30904000000000e-06
7650	2.90000000000000	4.34352000000000e-06
7660	2.90000000000000	4.37832000000000e-06
7670	2.90000000000000	4.41352000000000e-06
7680	2.90000000000000	4.44920000000000e-06
7690	2.90000000000000	4.48528000000000e-06
7700	2.90000000000000	4.52176000000000e-06
7710	2.90000000000000	4.55864000000000e-06
7720	2.90000000000000	4.59608000000000e-06
7730	2.90000000000000	4.63392000000000e-06
7740	2.90000000000000	4.67216000000000e-06
7750	2.90000000000000	4.71096000000000e-06
7760	2.90000000000000	4.75024000000000e-06
7770	2.90000000000000	4.79000000000000e-06
7780	2.90000000000000	4.83024000000000e-06
7790	2.90000000000000	4.87104000000000e-06
7800	2.90000000000000	4.91240000000000e-06
7810	2.90000000000000	4.95424000000000e-06
7820	2.90000000000000	4.99664000000000e-06
7830	2.90000000000000	5.03968000000000e-06
7840	2.90000000000000	5.08320000000000e-06
7850	2.90000000000000	5.12744000000000e-06
7860	2.90000000000000	5.17216000000000e-06
7870	2.90000000000000	5.21760000000000e-06
7880	2.90000000000000	5.26368000000000e-06
7890	2.90000000000000	5.31040000000000e-06
7900	2.90000000000000	5.35784000000000e-06
7910	2.90000000000000	5.40592000000000e-06
7920	2.90000000000000	5.45472000000000e-06
7930	2.90000000000000	5.50432000000000e-06
7940	2.90000000000000	5.55464000000000e-06
7950	2.90000000000000	5.60568000000000e-06
7960	2.90000000000000	5.65760000000000e-06
7970	2.90000000000000	5.71032000000000e-06
7980	2.90000000000000	5.76384000000000e-06
7990	2.90000000000000	5.81832000000000e-06
8000	2.90000000000000	5.87360000000000e-06
8010	2.90000000000000	5.92984000000000e-06
8020	2.90000000000000	5.98704000000000e-06
8030	2.90000000000000	6.04528000000000e-06
8040	2.90000000000000	6.10448000000000e-06
8050	2.90000000000000	6.16472000000000e-06
8060	2.90000000000000	6.22600000000000e-06
8070	2.90000000000000	6.28848000000000e-06
8080	2.90000000000000	6.35200000000000e-06
8090	2.90000000000000	6.41680000000000e-06
8100	2.90000000000000	6.48280000000000e-06
8110	2.90000000000000	6.55016000000000e-06
8120	2.90000000000000	6.61872000000000e-06
8130	2.90000000000000	6.68872000000000e-06
8140	2.90000000000000	6.76016000000000e-06
8150	2.90000000000000	6.83304000000000e-06
8160	2.90000000000000	6.90744000000000e-06
8170	2.90000000000000	6.98344000000000e-06
8180	2.90000000000000	7.06104000000000e-06
8190	2.90000000000000	7.14040000000000e-06
8200	2.90000000000000	7.22160000000000e-06
8210	2.90000000000000	7.30456000000000e-06
8220	2.90000000000000	7.38952000000000e-06
8230	2.90000000000000	7.47648000000000e-06
8240	2.90000000000000	7.56552000000000e-06
8250	2.90000000000000	7.65680000000000e-06
8260	2.90000000000000	7.75032000000000e-06
8270	2.90000000000000	7.84624000000000e-06
8280	2.90000000000000	7.94472000000000e-06
8290	2.90000000000000	8.04576000000000e-06
8300	2.90000000000000	8.14960000000000e-06
8310	2.90000000000000	8.25632000000000e-06
8320	2.90000000000000	8.36600000000000e-06
8330	2.90000000000000	8.47888000000000e-06
8340	2.90000000000000	8.59512000000000e-06
8350	2.90000000000000	8.71480000000000e-06
8360	2.90000000000000	8.83824000000000e-06
8370	2.90000000000000	8.96552000000000e-06
8380	2.90000000000000	9.09688000000000e-06
8390	2.90000000000000	9.23264000000000e-06
8400	2.90000000000000	9.37288000000000e-06
8410	2.90000000000000	9.51800000000000e-06
8420	2.90000000000000	9.66824000000000e-06
8430	2.90000000000000	9.82384000000000e-06
8440	2.90000000000000	9.98520000000000e-06
8450	2.90000000000000	1.01527200000000e-05
8460	2.90000000000000	1.03266400000000e-05
8470	2.90000000000000	1.05075200000000e-05
8480	2.90000000000000	1.06956800000000e-05
8490	2.90000000000000	1.08916800000000e-05
8500	2.90000000000000	1.10960800000000e-05
8510	2.90000000000000	1.13094400000000e-05
8520	2.90000000000000	1.15323200000000e-05
8530	2.90000000000000	1.17654400000000e-05
8540	2.90000000000000	1.20096000000000e-05
8550	2.90000000000000	1.22656800000000e-05
8560	2.90000000000000	1.25344000000000e-05
8570	2.90000000000000	1.28168800000000e-05
8580	2.90000000000000	1.31142400000000e-05
8590	2.90000000000000	1.34276000000000e-05
8600	2.90000000000000	1.37583200000000e-05
8610	2.90000000000000	1.41078400000000e-05
8620	2.90000000000000	1.44778400000000e-05
8630	2.90000000000000	1.48701600000000e-05
8640	2.90000000000000	1.52867200000000e-05
8650	2.90000000000000	1.57298400000000e-05
8660	2.90000000000000	1.62020000000000e-05
8670	2.90000000000000	1.67060000000000e-05
8680	2.90000000000000	1.72450400000000e-05
8690	2.90000000000000	1.78225600000000e-05
8700	2.90000000000000	1.84426400000000e-05
8710	2.90000000000000	1.91098400000000e-05
8720	2.90000000000000	1.98291200000000e-05
8730	2.90000000000000	2.06063200000000e-05
8740	2.90000000000000	2.14480800000000e-05
8750	2.90000000000000	2.23619200000000e-05
8760	2.90000000000000	2.33563200000000e-05
8770	2.90000000000000	2.44412000000000e-05
8780	2.90000000000000	2.56278400000000e-05
8790	2.90000000000000	2.69292800000000e-05
8800	2.90000000000000	2.83604000000000e-05
8810	2.90000000000000	2.99384800000000e-05
8820	2.90000000000000	3.16836000000000e-05
8830	2.90000000000000	3.36188000000000e-05
8840	2.90000000000000	3.57708800000000e-05
8850	2.90000000000000	3.81706400000000e-05
8860	2.90000000000000	4.08538400000000e-05
8870	2.90000000000000	4.38613600000000e-05
8880	2.90000000000000	4.72397600000000e-05
8890	2.90000000000000	5.10419200000000e-05
8900	2.90000000000000	5.53260800000000e-05
8910	2.90000000000000	6.01556000000000e-05
8920	2.90000000000000	6.55962400000000e-05
8930	2.90000000000000	7.17117600000000e-05
8940	2.90000000000000	7.85562400000000e-05
8950	2.90000000000000	8.61616000000000e-05
8960	2.90000000000000	9.45208000000000e-05
8970	2.90000000000000	0.000103559200000000
8980	2.90000000000000	0.000113107200000000
8990	2.90000000000000	0.000122864800000000
9000	2.90000000000000	0.000132382400000000
9010	2.90000000000000	0.000141061600000000
9020	2.90000000000000	0.000148210400000000
9030	2.90000000000000	0.000153149600000000
9040	2.90000000000000	0.000155355200000000
9050	2.90000000000000	0.000154594400000000
9060	2.90000000000000	0.000150988800000000
9070	2.90000000000000	0.000144978400000000
9080	2.90000000000000	0.000137203200000000
9090	2.90000000000000	0.000128355200000000
9100	2.90000000000000	0.000119060000000000
9110	2.90000000000000	0.000109811200000000
9120	2.90000000000000	0.000100951200000000
9130	2.90000000000000	9.26896000000000e-05
9140	2.90000000000000	8.51304000000000e-05
9150	2.90000000000000	7.83021600000000e-05
9160	2.90000000000000	7.21897600000000e-05
9170	2.90000000000000	6.67491200000000e-05
9180	2.90000000000000	6.19229600000000e-05
9190	2.90000000000000	5.76496000000000e-05
9200	2.90000000000000	5.38680000000000e-05
9210	2.90000000000000	5.05208000000000e-05
9220	2.90000000000000	4.75556000000000e-05
9230	2.90000000000000	4.49256800000000e-05
9240	2.90000000000000	4.25897600000000e-05
9250	2.90000000000000	4.05115200000000e-05
9260	2.90000000000000	3.86596800000000e-05
9270	2.90000000000000	3.70066400000000e-05
9280	2.90000000000000	3.55288800000000e-05
9290	2.90000000000000	3.42057600000000e-05
9300	2.90000000000000	3.30195200000000e-05
9310	2.90000000000000	3.19545600000000e-05
9320	2.90000000000000	3.09976800000000e-05
9330	2.90000000000000	3.01370400000000e-05
9340	2.90000000000000	2.93624800000000e-05
9350	2.90000000000000	2.86651200000000e-05
9360	2.90000000000000	2.80371200000000e-05
9370	2.90000000000000	2.74716800000000e-05
9380	2.90000000000000	2.69628000000000e-05
9390	2.90000000000000	2.65051200000000e-05
9400	2.90000000000000	2.60940000000000e-05
9410	2.90000000000000	2.57252800000000e-05
9420	2.90000000000000	2.53952800000000e-05
9430	2.90000000000000	2.51008000000000e-05
9440	2.90000000000000	2.48388000000000e-05
9450	2.90000000000000	2.46068000000000e-05
9460	2.90000000000000	2.44024800000000e-05
9470	2.90000000000000	2.42236800000000e-05
9480	2.90000000000000	2.40685600000000e-05
9490	2.90000000000000	2.39354400000000e-05
9500	2.90000000000000	2.38228800000000e-05
9510	2.90000000000000	2.37294400000000e-05
9520	2.90000000000000	2.36539200000000e-05
9530	2.90000000000000	2.35952800000000e-05
9540	2.90000000000000	2.35524800000000e-05
9550	2.90000000000000	2.35245600000000e-05
9560	2.90000000000000	2.35107200000000e-05
9570	2.90000000000000	2.35102400000000e-05
9580	2.90000000000000	2.35224800000000e-05
9590	2.90000000000000	2.35468000000000e-05
9600	2.90000000000000	2.35825600000000e-05
9610	2.90000000000000	2.36294400000000e-05
9620	2.90000000000000	2.36868000000000e-05
9630	2.90000000000000	2.37542400000000e-05
9640	2.90000000000000	2.38315200000000e-05
9650	2.90000000000000	2.39182400000000e-05
9660	2.90000000000000	2.40140000000000e-05
9670	2.90000000000000	2.41185600000000e-05
9680	2.90000000000000	2.42317600000000e-05
9690	2.90000000000000	2.43532000000000e-05
9700	2.90000000000000	2.44828000000000e-05
9710	2.90000000000000	2.46204000000000e-05
9720	2.90000000000000	2.47657600000000e-05
9730	2.90000000000000	2.49187200000000e-05
9740	2.90000000000000	2.50792000000000e-05
9750	2.90000000000000	2.52470400000000e-05
9760	2.90000000000000	2.54222400000000e-05
9770	2.90000000000000	2.56045600000000e-05
9780	2.90000000000000	2.57940000000000e-05
9790	2.90000000000000	2.59905600000000e-05
9800	2.90000000000000	2.61940800000000e-05
9810	2.90000000000000	2.64046400000000e-05
9820	2.90000000000000	2.66220800000000e-05
9830	2.90000000000000	2.68464800000000e-05
9840	2.90000000000000	2.70777600000000e-05
9850	2.90000000000000	2.73160000000000e-05
9860	2.90000000000000	2.75611200000000e-05
9870	2.90000000000000	2.78132000000000e-05
9880	2.90000000000000	2.80722400000000e-05
9890	2.90000000000000	2.83382400000000e-05
9900	2.90000000000000	2.86112800000000e-05
9910	2.90000000000000	2.88914400000000e-05
9920	2.90000000000000	2.91786400000000e-05
9930	2.90000000000000	2.94730400000000e-05
9940	2.90000000000000	2.97747200000000e-05
9950	2.90000000000000	3.00836000000000e-05
9960	2.90000000000000	3.04000000000000e-05
9970	2.90000000000000	3.07237600000000e-05
9980	2.90000000000000	3.10551200000000e-05
9990	2.90000000000000	3.13940800000000e-05
10000	2.90000000000000	3.17408000000000e-05
10010	2.90000000000000	3.20954400000000e-05
10020	2.90000000000000	3.24579200000000e-05
10030	2.90000000000000	3.28285600000000e-05
10040	2.90000000000000	3.32073600000000e-05
10050	2.90000000000000	3.35944800000000e-05
10060	2.90000000000000	3.39900800000000e-05
10070	2.90000000000000	3.43942400000000e-05
10080	2.90000000000000	3.48071200000000e-05
10090	2.90000000000000	3.52288800000000e-05
10100	2.90000000000000	3.56596000000000e-05
10110	2.90000000000000	3.60996000000000e-05
10120	2.90000000000000	3.65488800000000e-05
10130	2.90000000000000	3.70076800000000e-05
10140	2.90000000000000	3.74762400000000e-05
10150	2.90000000000000	3.79545600000000e-05
10160	2.90000000000000	3.84429600000000e-05
10170	2.90000000000000	3.89416000000000e-05
10180	2.90000000000000	3.94506400000000e-05
10190	2.90000000000000	3.99703200000000e-05
10200	2.90000000000000	4.05008000000000e-05
10210	2.90000000000000	4.10423200000000e-05
10220	2.90000000000000	4.15950400000000e-05
10230	2.90000000000000	4.21592800000000e-05
10240	2.90000000000000	4.27352000000000e-05
10250	2.90000000000000	4.33229600000000e-05
10260	2.90000000000000	4.39229600000000e-05
10270	2.90000000000000	4.45352800000000e-05
10280	2.90000000000000	4.51601600000000e-05
10290	2.90000000000000	4.57980000000000e-05
10300	2.90000000000000	4.64488800000000e-05
10310	2.90000000000000	4.71131200000000e-05
10320	2.90000000000000	4.77910400000000e-05
10330	2.90000000000000	4.84828000000000e-05
10340	2.90000000000000	4.91886400000000e-05
10350	2.90000000000000	4.99089600000000e-05
10360	2.90000000000000	5.06439200000000e-05
10370	2.90000000000000	5.13938400000000e-05
10380	2.90000000000000	5.21590400000000e-05
10390	2.90000000000000	5.29396800000000e-05
10400	2.90000000000000	5.37360800000000e-05
10410	2.90000000000000	5.45484800000000e-05
10420	2.90000000000000	5.53772800000000e-05
10430	2.90000000000000	5.62227200000000e-05
10440	2.90000000000000	5.70849600000000e-05
10450	2.90000000000000	5.79644800000000e-05
10460	2.90000000000000	5.88613600000000e-05
10470	2.90000000000000	5.97759200000000e-05
10480	2.90000000000000	6.07084800000000e-05
10490	2.90000000000000	6.16592800000000e-05
10500	2.90000000000000	6.26285600000000e-05
10510	2.90000000000000	6.36165600000000e-05
10520	2.90000000000000	6.46236000000000e-05
10530	2.90000000000000	6.56498400000000e-05
10540	2.90000000000000	6.66954400000000e-05
10550	2.90000000000000	6.77608000000000e-05
10560	2.90000000000000	6.88459200000000e-05
10570	2.90000000000000	6.99511200000000e-05
10580	2.90000000000000	7.10764800000000e-05
10590	2.90000000000000	7.22221600000000e-05
10600	2.90000000000000	7.33883200000000e-05
10610	2.90000000000000	7.45750400000000e-05
10620	2.90000000000000	7.57824000000000e-05
10630	2.90000000000000	7.70104000000000e-05
10640	2.90000000000000	7.82592000000000e-05
10650	2.90000000000000	7.95286400000000e-05
10660	2.90000000000000	8.08184000000000e-05
10670	2.90000000000000	8.21296000000000e-05
10680	2.90000000000000	8.34608000000000e-05
10690	2.90000000000000	8.48120000000000e-05
10700	2.90000000000000	8.61832000000000e-05
10710	2.90000000000000	8.75744000000000e-05
10720	2.90000000000000	8.89856000000000e-05
10730	2.90000000000000	9.04152000000000e-05
10740	2.90000000000000	9.18640000000000e-05
10750	2.90000000000000	9.33304000000000e-05
10760	2.90000000000000	9.48152000000000e-05
10770	2.90000000000000	9.63168000000000e-05
10780	2.90000000000000	9.78344000000000e-05
10790	2.90000000000000	9.93672000000000e-05
10800	2.90000000000000	0.000100915200000000
10810	2.90000000000000	0.000102476800000000
10820	2.90000000000000	0.000104051200000000
10830	2.90000000000000	0.000105636800000000
10840	2.90000000000000	0.000107232800000000
10850	2.90000000000000	0.000108838400000000
10860	2.90000000000000	0.000110451200000000
10870	2.90000000000000	0.000112070400000000
10880	2.90000000000000	0.000113693600000000
10890	2.90000000000000	0.000115320000000000
10900	2.90000000000000	0.000116948000000000
10910	2.90000000000000	0.000118574400000000
10920	2.90000000000000	0.000120198400000000
10930	2.90000000000000	0.000121817600000000
10940	2.90000000000000	0.000123429600000000
10950	2.90000000000000	0.000125032000000000
10960	2.90000000000000	0.000126623200000000
10970	2.90000000000000	0.000128200000000000
10980	2.90000000000000	0.000129760000000000
10990	2.90000000000000	0.000131300800000000
11000	2.90000000000000	0.000132820000000000
11010	2.90000000000000	0.000134314400000000
11020	2.90000000000000	0.000135781600000000
11030	2.90000000000000	0.000137219200000000
11040	2.90000000000000	0.000138623200000000
11050	2.90000000000000	0.000139992800000000
11060	2.90000000000000	0.000141323200000000
11070	2.90000000000000	0.000142612800000000
11080	2.90000000000000	0.000143858400000000
11090	2.90000000000000	0.000145058400000000
11100	2.90000000000000	0.000146208000000000
11110	2.90000000000000	0.000147307200000000
11120	2.90000000000000	0.000148352000000000
11130	2.90000000000000	0.000149340000000000
11140	2.90000000000000	0.000150270400000000
11150	2.90000000000000	0.000151139200000000
11160	2.90000000000000	0.000151946400000000
11170	2.90000000000000	0.000152688800000000
11180	2.90000000000000	0.000153366400000000
11190	2.90000000000000	0.000153976000000000
11200	2.90000000000000	0.000154517600000000
11210	2.90000000000000	0.000154989600000000
11220	2.90000000000000	0.000155392000000000
11230	2.90000000000000	0.000155724000000000
11240	2.90000000000000	0.000155984800000000
11250	2.90000000000000	0.000156174400000000
11260	2.90000000000000	0.000156293600000000
11270	2.90000000000000	0.000156342400000000
11280	2.90000000000000	0.000156320800000000
11290	2.90000000000000	0.000156229600000000
11300	2.90000000000000	0.000156071200000000
11310	2.90000000000000	0.000155845600000000
11320	2.90000000000000	0.000155553600000000
11330	2.90000000000000	0.000155197600000000
11340	2.90000000000000	0.000154779200000000
11350	2.90000000000000	0.000154300800000000
11360	2.90000000000000	0.000153763200000000
11370	2.90000000000000	0.000153168800000000
11380	2.90000000000000	0.000152520800000000
11390	2.90000000000000	0.000151820800000000
11400	2.90000000000000	0.000151070400000000
11410	2.90000000000000	0.000150273600000000
11420	2.90000000000000	0.000149432000000000
11430	2.90000000000000	0.000148548800000000
11440	2.90000000000000	0.000147625600000000
11450	2.90000000000000	0.000146666400000000
11460	2.90000000000000	0.000145672000000000
11470	2.90000000000000	0.000144646400000000
11480	2.90000000000000	0.000143592000000000
11490	2.90000000000000	0.000142511200000000
11500	2.90000000000000	0.000141406400000000
11510	2.90000000000000	0.000140280800000000
11520	2.90000000000000	0.000139135200000000
11530	2.90000000000000	0.000137973600000000
11540	2.90000000000000	0.000136796800000000
11550	2.90000000000000	0.000135608800000000
11560	2.90000000000000	0.000134410400000000
11570	2.90000000000000	0.000133204000000000
11580	2.90000000000000	0.000131991200000000
11590	2.90000000000000	0.000130774400000000
11600	2.90000000000000	0.000129556000000000
11610	2.90000000000000	0.000128336000000000
11620	2.90000000000000	0.000127117600000000
11630	2.90000000000000	0.000125901600000000
11640	2.90000000000000	0.000124690400000000
11650	2.90000000000000	0.000123484000000000
11660	2.90000000000000	0.000122284000000000
11670	2.90000000000000	0.000121092000000000
11680	2.90000000000000	0.000119909600000000
11690	2.90000000000000	0.000118736800000000
11700	2.90000000000000	0.000117575200000000
11710	2.90000000000000	0.000116425600000000
11720	2.90000000000000	0.000115289600000000
11730	2.90000000000000	0.000114166400000000
11740	2.90000000000000	0.000113057600000000
11750	2.90000000000000	0.000111964000000000
11760	2.90000000000000	0.000110885600000000
11770	2.90000000000000	0.000109823200000000
11780	2.90000000000000	0.000108778400000000
11790	2.90000000000000	0.000107749600000000
11800	2.90000000000000	0.000106738400000000
11810	2.90000000000000	0.000105744800000000
11820	2.90000000000000	0.000104769600000000
11830	2.90000000000000	0.000103812800000000
11840	2.90000000000000	0.000102874400000000
11850	2.90000000000000	0.000101955200000000
11860	2.90000000000000	0.000101054400000000
11870	2.90000000000000	0.000100172800000000
11880	2.90000000000000	9.93104000000000e-05
11890	2.90000000000000	9.84672000000000e-05
11900	2.90000000000000	9.76432000000000e-05
11910	2.90000000000000	9.68392000000000e-05
11920	2.90000000000000	9.60536000000000e-05
11930	2.90000000000000	9.52880000000000e-05
11940	2.90000000000000	9.45424000000000e-05
11950	2.90000000000000	9.38152000000000e-05
11960	2.90000000000000	9.31080000000000e-05
11970	2.90000000000000	9.24200000000000e-05
11980	2.90000000000000	9.17512000000000e-05
11990	2.90000000000000	9.11016000000000e-05
12000	2.90000000000000	9.04712000000000e-05
12010	2.90000000000000	8.98592000000000e-05
12020	2.90000000000000	8.92672000000000e-05
12030	2.90000000000000	8.86936000000000e-05
12040	2.90000000000000	8.81392000000000e-05
12050	2.90000000000000	8.76032000000000e-05
12060	2.90000000000000	8.70856000000000e-05
12070	2.90000000000000	8.65872000000000e-05
12080	2.90000000000000	8.61072000000000e-05
12090	2.90000000000000	8.56456000000000e-05
12100	2.90000000000000	8.52024000000000e-05
12110	2.90000000000000	8.47776000000000e-05
12120	2.90000000000000	8.43704000000000e-05
12130	2.90000000000000	8.39824000000000e-05
12140	2.90000000000000	8.36112000000000e-05
12150	2.90000000000000	8.32584000000000e-05
12160	2.90000000000000	8.29240000000000e-05
12170	2.90000000000000	8.26072000000000e-05
12180	2.90000000000000	8.23080000000000e-05
12190	2.90000000000000	8.20272000000000e-05
12200	2.90000000000000	8.17640000000000e-05
12210	2.90000000000000	8.15184000000000e-05
12220	2.90000000000000	8.12904000000000e-05
12230	2.90000000000000	8.10800000000000e-05
12240	2.90000000000000	8.08872000000000e-05
12250	2.90000000000000	8.07128000000000e-05
12260	2.90000000000000	8.05552000000000e-05
12270	2.90000000000000	8.04160000000000e-05
12280	2.90000000000000	8.02944000000000e-05
12290	2.90000000000000	8.01904000000000e-05
12300	2.90000000000000	8.01048000000000e-05
12310	2.90000000000000	8.00368000000000e-05
12320	2.90000000000000	7.99872000000000e-05
12330	2.90000000000000	7.99554400000000e-05
12340	2.90000000000000	7.99419200000000e-05
12350	2.90000000000000	7.99468000000000e-05
12360	2.90000000000000	7.99700800000000e-05
12370	2.90000000000000	8.00120000000000e-05
12380	2.90000000000000	8.00728000000000e-05
12390	2.90000000000000	8.01520000000000e-05
12400	2.90000000000000	8.02504000000000e-05
12410	2.90000000000000	8.03688000000000e-05
12420	2.90000000000000	8.05064000000000e-05
12430	2.90000000000000	8.06632000000000e-05
12440	2.90000000000000	8.08408000000000e-05
12450	2.90000000000000	8.10376000000000e-05
12460	2.90000000000000	8.12560000000000e-05
12470	2.90000000000000	8.14944000000000e-05
12480	2.90000000000000	8.17544000000000e-05
12490	2.90000000000000	8.20352000000000e-05
12500	2.90000000000000	8.23384000000000e-05
12510	2.90000000000000	8.26632000000000e-05
12520	2.90000000000000	8.30104000000000e-05
12530	2.90000000000000	8.33808000000000e-05
12540	2.90000000000000	8.37752000000000e-05
12550	2.90000000000000	8.41928000000000e-05
12560	2.90000000000000	8.46344000000000e-05
12570	2.90000000000000	8.51008000000000e-05
12580	2.90000000000000	8.55928000000000e-05
12590	2.90000000000000	8.61104000000000e-05
12600	2.90000000000000	8.66552000000000e-05
12610	2.90000000000000	8.72264000000000e-05
12620	2.90000000000000	8.78248000000000e-05
12630	2.90000000000000	8.84512000000000e-05
12640	2.90000000000000	8.91072000000000e-05
12650	2.90000000000000	8.97928000000000e-05
12660	2.90000000000000	9.05080000000000e-05
12670	2.90000000000000	9.12552000000000e-05
12680	2.90000000000000	9.20336000000000e-05
12690	2.90000000000000	9.28448000000000e-05
12700	2.90000000000000	9.36896000000000e-05
12710	2.90000000000000	9.45688000000000e-05
12720	2.90000000000000	9.54824000000000e-05
12730	2.90000000000000	9.64336000000000e-05
12740	2.90000000000000	9.74208000000000e-05
12750	2.90000000000000	9.84464000000000e-05
12760	2.90000000000000	9.95112000000000e-05
12770	2.90000000000000	0.000100616000000000
12780	2.90000000000000	0.000101762400000000
12790	2.90000000000000	0.000102950400000000
12800	2.90000000000000	0.000104182400000000
12810	2.90000000000000	0.000105459200000000
12820	2.90000000000000	0.000106780800000000
12830	2.90000000000000	0.000108149600000000
12840	2.90000000000000	0.000109567200000000
12850	2.90000000000000	0.000111032800000000
12860	2.90000000000000	0.000112549600000000
12870	2.90000000000000	0.000114117600000000
12880	2.90000000000000	0.000115738400000000
12890	2.90000000000000	0.000117412800000000
12900	2.90000000000000	0.000119143200000000
12910	2.90000000000000	0.000120928800000000
12920	2.90000000000000	0.000122772000000000
12930	2.90000000000000	0.000124672800000000
12940	2.90000000000000	0.000126632800000000
12950	2.90000000000000	0.000128652800000000
12960	2.90000000000000	0.000130734400000000
12970	2.90000000000000	0.000132876000000000
12980	2.90000000000000	0.000135080800000000
12990	2.90000000000000	0.000137346400000000
13000	2.90000000000000	0.000139675200000000
13010	2.90000000000000	0.000142066400000000
13020	2.90000000000000	0.000144519200000000
13030	2.90000000000000	0.000147034400000000
13040	2.90000000000000	0.000149609600000000
13050	2.90000000000000	0.000152244800000000
13060	2.90000000000000	0.000154937600000000
13070	2.90000000000000	0.000157688000000000
13080	2.90000000000000	0.000160491200000000
13090	2.90000000000000	0.000163346400000000
13100	2.90000000000000	0.000166249600000000
13110	2.90000000000000	0.000169196800000000
13120	2.90000000000000	0.000172184800000000
13130	2.90000000000000	0.000175208000000000
13140	2.90000000000000	0.000178260000000000
13150	2.90000000000000	0.000181336800000000
13160	2.90000000000000	0.000184429600000000
13170	2.90000000000000	0.000187531200000000
13180	2.90000000000000	0.000190634400000000
13190	2.90000000000000	0.000193729600000000
13200	2.90000000000000	0.000196807200000000
13210	2.90000000000000	0.000199857600000000
13220	2.90000000000000	0.000202869600000000
13230	2.90000000000000	0.000205832000000000
13240	2.90000000000000	0.000208732800000000
13250	2.90000000000000	0.000211559200000000
13260	2.90000000000000	0.000214300000000000
13270	2.90000000000000	0.000216942400000000
13280	2.90000000000000	0.000219472800000000
13290	2.90000000000000	0.000221878400000000
13300	2.90000000000000	0.000224148000000000
13310	2.90000000000000	0.000226268000000000
13320	2.90000000000000	0.000228228000000000
13330	2.90000000000000	0.000230016800000000
13340	2.90000000000000	0.000231624000000000
13350	2.90000000000000	0.000233041600000000
13360	2.90000000000000	0.000234260000000000
13370	2.90000000000000	0.000235275200000000
13380	2.90000000000000	0.000236080000000000
13390	2.90000000000000	0.000236671200000000
13400	2.90000000000000	0.000237047200000000
13410	2.90000000000000	0.000237207200000000
13420	2.90000000000000	0.000237152000000000
13430	2.90000000000000	0.000236884000000000
13440	2.90000000000000	0.000236408000000000
13450	2.90000000000000	0.000235728000000000
13460	2.90000000000000	0.000234852000000000
13470	2.90000000000000	0.000233787200000000
13480	2.90000000000000	0.000232543200000000
13490	2.90000000000000	0.000231130400000000
13500	2.90000000000000	0.000229557600000000
13510	2.90000000000000	0.000227838400000000
13520	2.90000000000000	0.000225982400000000
13530	2.90000000000000	0.000224004000000000
13540	2.90000000000000	0.000221913600000000
13550	2.90000000000000	0.000219724800000000
13560	2.90000000000000	0.000217448800000000
13570	2.90000000000000	0.000215097600000000
13580	2.90000000000000	0.000212684000000000
13590	2.90000000000000	0.000210217600000000
13600	2.90000000000000	0.000207710400000000
13610	2.90000000000000	0.000205172000000000
13620	2.90000000000000	0.000202612800000000
13630	2.90000000000000	0.000200040800000000
13640	2.90000000000000	0.000197464800000000
13650	2.90000000000000	0.000194892800000000
13660	2.90000000000000	0.000192331200000000
13670	2.90000000000000	0.000189787200000000
13680	2.90000000000000	0.000187267200000000
13690	2.90000000000000	0.000184775200000000
13700	2.90000000000000	0.000182316800000000
13710	2.90000000000000	0.000179896000000000
13720	2.90000000000000	0.000177516800000000
13730	2.90000000000000	0.000175181600000000
13740	2.90000000000000	0.000172893600000000
13750	2.90000000000000	0.000170655200000000
13760	2.90000000000000	0.000168468000000000
13770	2.90000000000000	0.000166333600000000
13780	2.90000000000000	0.000164254400000000
13790	2.90000000000000	0.000162229600000000
13800	2.90000000000000	0.000160260800000000
13810	2.90000000000000	0.000158348800000000
13820	2.90000000000000	0.000156492800000000
13830	2.90000000000000	0.000154693600000000
13840	2.90000000000000	0.000152951200000000
13850	2.90000000000000	0.000151264800000000
13860	2.90000000000000	0.000149634400000000
13870	2.90000000000000	0.000148060000000000
13880	2.90000000000000	0.000146540000000000
13890	2.90000000000000	0.000145074400000000
13900	2.90000000000000	0.000143661600000000
13910	2.90000000000000	0.000142301600000000
13920	2.90000000000000	0.000140993600000000
13930	2.90000000000000	0.000139736800000000
13940	2.90000000000000	0.000138529600000000
13950	2.90000000000000	0.000137371200000000
13960	2.90000000000000	0.000136260800000000
13970	2.90000000000000	0.000135198400000000
13980	2.90000000000000	0.000134180800000000
13990	2.90000000000000	0.000133209600000000
14000	2.90000000000000	0.000132281600000000
14010	2.90000000000000	0.000131397600000000
14020	2.90000000000000	0.000130556000000000
14030	2.90000000000000	0.000129755200000000
14040	2.90000000000000	0.000128995200000000
14050	2.90000000000000	0.000128275200000000
14060	2.90000000000000	0.000127593600000000
14070	2.90000000000000	0.000126949600000000
14080	2.90000000000000	0.000126342400000000
14090	2.90000000000000	0.000125772000000000
14100	2.90000000000000	0.000125236800000000
14110	2.90000000000000	0.000124736800000000
14120	2.90000000000000	0.000124270400000000
14130	2.90000000000000	0.000123836800000000
14140	2.90000000000000	0.000123436000000000
14150	2.90000000000000	0.000123067200000000
14160	2.90000000000000	0.000122729600000000
14170	2.90000000000000	0.000122423200000000
14180	2.90000000000000	0.000122146400000000
14190	2.90000000000000	0.000121898400000000
14200	2.90000000000000	0.000121680000000000
14210	2.90000000000000	0.000121489600000000
14220	2.90000000000000	0.000121327200000000
14230	2.90000000000000	0.000121192800000000
14240	2.90000000000000	0.000121084800000000
14250	2.90000000000000	0.000121003200000000
14260	2.90000000000000	0.000120948000000000
14270	2.90000000000000	0.000120918400000000
14280	2.90000000000000	0.000120913600000000
14290	2.90000000000000	0.000120934400000000
14300	2.90000000000000	0.000120980000000000
14310	2.90000000000000	0.000121048800000000
14320	2.90000000000000	0.000121142400000000
14330	2.90000000000000	0.000121260000000000
14340	2.90000000000000	0.000121400800000000
14350	2.90000000000000	0.000121564000000000
14360	2.90000000000000	0.000121751200000000
14370	2.90000000000000	0.000121960800000000
14380	2.90000000000000	0.000122192800000000
14390	2.90000000000000	0.000122447200000000
14400	2.90000000000000	0.000122724000000000
14410	2.90000000000000	0.000123022400000000
14420	2.90000000000000	0.000123343200000000
14430	2.90000000000000	0.000123685600000000
14440	2.90000000000000	0.000124049600000000
14450	2.90000000000000	0.000124435200000000
14460	2.90000000000000	0.000124842400000000
14470	2.90000000000000	0.000125270400000000
14480	2.90000000000000	0.000125720000000000
14490	2.90000000000000	0.000126191200000000
14500	2.90000000000000	0.000126684000000000
14510	2.90000000000000	0.000127197600000000
14520	2.90000000000000	0.000127732000000000
14530	2.90000000000000	0.000128288800000000
14540	2.90000000000000	0.000128865600000000
14550	2.90000000000000	0.000129464800000000
14560	2.90000000000000	0.000130084800000000
14570	2.90000000000000	0.000130726400000000
14580	2.90000000000000	0.000131388800000000
14590	2.90000000000000	0.000132073600000000
14600	2.90000000000000	0.000132780000000000
14610	2.90000000000000	0.000133507200000000
14620	2.90000000000000	0.000134256800000000
14630	2.90000000000000	0.000135028800000000
14640	2.90000000000000	0.000135822400000000
14650	2.90000000000000	0.000136638400000000
14660	2.90000000000000	0.000137476800000000
14670	2.90000000000000	0.000138337600000000
14680	2.90000000000000	0.000139221600000000
14690	2.90000000000000	0.000140128000000000
14700	2.90000000000000	0.000141057600000000
14710	2.90000000000000	0.000142010400000000
14720	2.90000000000000	0.000142987200000000
14730	2.90000000000000	0.000143987200000000
14740	2.90000000000000	0.000145011200000000
14750	2.90000000000000	0.000146060000000000
14760	2.90000000000000	0.000147133600000000
14770	2.90000000000000	0.000148231200000000
14780	2.90000000000000	0.000149354400000000
14790	2.90000000000000	0.000150503200000000
14800	2.90000000000000	0.000151677600000000
14810	2.90000000000000	0.000152878400000000
14820	2.90000000000000	0.000154104800000000
14830	2.90000000000000	0.000155358400000000
14840	2.90000000000000	0.000156639200000000
14850	2.90000000000000	0.000157948000000000
14860	2.90000000000000	0.000159284000000000
14870	2.90000000000000	0.000160648000000000
14880	2.90000000000000	0.000162041600000000
14890	2.90000000000000	0.000163464000000000
14900	2.90000000000000	0.000164916000000000
14910	2.90000000000000	0.000166397600000000
14920	2.90000000000000	0.000167910400000000
14930	2.90000000000000	0.000169453600000000
14940	2.90000000000000	0.000171028800000000
14950	2.90000000000000	0.000172636000000000
14960	2.90000000000000	0.000174275200000000
14970	2.90000000000000	0.000175948000000000
14980	2.90000000000000	0.000177654400000000
14990	2.90000000000000	0.000179395200000000
15000	2.90000000000000	0.000181170400000000
15010	2.90000000000000	0.000182980800000000
15020	2.90000000000000	0.000184828000000000
15030	2.90000000000000	0.000186711200000000
15040	2.90000000000000	0.000188632000000000
15050	2.90000000000000	0.000190590400000000
15060	2.90000000000000	0.000192588000000000
15070	2.90000000000000	0.000194624800000000
15080	2.90000000000000	0.000196701600000000
15090	2.90000000000000	0.000198819200000000
15100	2.90000000000000	0.000200978400000000
15110	2.90000000000000	0.000203180000000000
15120	2.90000000000000	0.000205425600000000
15130	2.90000000000000	0.000207714400000000
15140	2.90000000000000	0.000210048000000000
15150	2.90000000000000	0.000212427200000000
15160	2.90000000000000	0.000214852800000000
15170	2.90000000000000	0.000217326400000000
15180	2.90000000000000	0.000219848000000000
15190	2.90000000000000	0.000222419200000000
15200	2.90000000000000	0.000225040800000000
15210	2.90000000000000	0.000227712800000000
15220	2.90000000000000	0.000230437600000000
15230	2.90000000000000	0.000233216000000000
15240	2.90000000000000	0.000236048000000000
15250	2.90000000000000	0.000238935200000000
15260	2.90000000000000	0.000241879200000000
15270	2.90000000000000	0.000244880800000000
15280	2.90000000000000	0.000247940800000000
15290	2.90000000000000	0.000251060800000000
15300	2.90000000000000	0.000254240800000000
15310	2.90000000000000	0.000257484000000000
15320	2.90000000000000	0.000260790400000000
15330	2.90000000000000	0.000264160800000000
15340	2.90000000000000	0.000267597600000000
15350	2.90000000000000	0.000271100800000000
15360	2.90000000000000	0.000274672800000000
15370	2.90000000000000	0.000278314400000000
15380	2.90000000000000	0.000282027200000000
15390	2.90000000000000	0.000285812000000000
15400	2.90000000000000	0.000289670400000000
15410	2.90000000000000	0.000293604000000000
15420	2.90000000000000	0.000297613600000000
15430	2.90000000000000	0.000301701600000000
15440	2.90000000000000	0.000305868800000000
15450	2.90000000000000	0.000310116800000000
15460	2.90000000000000	0.000314446400000000
15470	2.90000000000000	0.000318860000000000
15480	2.90000000000000	0.000323358400000000
15490	2.90000000000000	0.000327944000000000
15500	2.90000000000000	0.000332616800000000
15510	2.90000000000000	0.000337379200000000
15520	2.90000000000000	0.000342232000000000
15530	2.90000000000000	0.000347177600000000
15540	2.90000000000000	0.000352216800000000
15550	2.90000000000000	0.000357351200000000
15560	2.90000000000000	0.000362582400000000
15570	2.90000000000000	0.000367911200000000
15580	2.90000000000000	0.000373339200000000
15590	2.90000000000000	0.000378868000000000
15600	2.90000000000000	0.000384499200000000
15610	2.90000000000000	0.000390233600000000
15620	2.90000000000000	0.000396072000000000
15630	2.90000000000000	0.000402016800000000
15640	2.90000000000000	0.000408068000000000
15650	2.90000000000000	0.000414227200000000
15660	2.90000000000000	0.000420495200000000
15670	2.90000000000000	0.000426872000000000
15680	2.90000000000000	0.000433360800000000
15690	2.90000000000000	0.000439960000000000
15700	2.90000000000000	0.000446671200000000
15710	2.90000000000000	0.000453494400000000
15720	2.90000000000000	0.000460431200000000
15730	2.90000000000000	0.000467480800000000
15740	2.90000000000000	0.000474643200000000
15750	2.90000000000000	0.000481918400000000
15760	2.90000000000000	0.000489307200000000
15770	2.90000000000000	0.000496807200000000
15780	2.90000000000000	0.000504420000000000
15790	2.90000000000000	0.000512143200000000
15800	2.90000000000000	0.000519976000000000
15810	2.90000000000000	0.000527917600000000
15820	2.90000000000000	0.000535966400000000
15830	2.90000000000000	0.000544120000000000
15840	2.90000000000000	0.000552376800000000
15850	2.90000000000000	0.000560734400000000
15860	2.90000000000000	0.000569189600000000
15870	2.90000000000000	0.000577739200000000
15880	2.90000000000000	0.000586380800000000
15890	2.90000000000000	0.000595108800000000
15900	2.90000000000000	0.000603920800000000
15910	2.90000000000000	0.000612812000000000
15920	2.90000000000000	0.000621776000000000
15930	2.90000000000000	0.000630808800000000
15940	2.90000000000000	0.000639903200000000
15950	2.90000000000000	0.000649054400000000
15960	2.90000000000000	0.000658254400000000
15970	2.90000000000000	0.000667496000000000
15980	2.90000000000000	0.000676771200000000
15990	2.90000000000000	0.000686072800000000
16000	2.90000000000000	0.000695391200000000
16010	2.90000000000000	0.000704716800000000
16020	2.90000000000000	0.000714040000000000
16030	2.90000000000000	0.000723351200000000
16040	2.90000000000000	0.000732638400000000
16050	2.90000000000000	0.000741891200000000
16060	2.90000000000000	0.000751097600000000
16070	2.90000000000000	0.000760245600000000
16080	2.90000000000000	0.000769321600000000
16090	2.90000000000000	0.000778313600000000
16100	2.90000000000000	0.000787208000000000
16110	2.90000000000000	0.000795990400000000
16120	2.90000000000000	0.000804648000000000
16130	2.90000000000000	0.000813160000000000
16140	2.90000000000000	0.000821528000000000
16150	2.90000000000000	0.000829720000000000
16160	2.90000000000000	0.000837720000000000
16170	2.90000000000000	0.000845528000000000
16180	2.90000000000000	0.000853128000000000
16190	2.90000000000000	0.000860488000000000
16200	2.90000000000000	0.000867608000000000
16210	2.90000000000000	0.000874472000000000
16220	2.90000000000000	0.000881056000000000
16230	2.90000000000000	0.000887360000000000
16240	2.90000000000000	0.000893352000000000
16250	2.90000000000000	0.000899040000000000
16260	2.90000000000000	0.000904400000000000
16270	2.90000000000000	0.000909424000000000
16280	2.90000000000000	0.000914096000000000
16290	2.90000000000000	0.000918408000000000
16300	2.90000000000000	0.000922352000000000
16310	2.90000000000000	0.000925920000000000
16320	2.90000000000000	0.000929096000000000
16330	2.90000000000000	0.000931888000000000
16340	2.90000000000000	0.000934280000000000
16350	2.90000000000000	0.000936264000000000
16360	2.90000000000000	0.000937848000000000
16370	2.90000000000000	0.000939024000000000
16380	2.90000000000000	0.000939792000000000
16390	2.90000000000000	0.000940152000000000
16400	2.90000000000000	0.000940096000000000
16410	2.90000000000000	0.000939640000000000
16420	2.90000000000000	0.000938776000000000
16430	2.90000000000000	0.000937520000000000
16440	2.90000000000000	0.000935872000000000
16450	2.90000000000000	0.000933832000000000
16460	2.90000000000000	0.000931416000000000
16470	2.90000000000000	0.000928632000000000
16480	2.90000000000000	0.000925488000000000
16490	2.90000000000000	0.000921984000000000
16500	2.90000000000000	0.000918144000000000
16510	2.90000000000000	0.000913976000000000
16520	2.90000000000000	0.000909496000000000
16530	2.90000000000000	0.000904704000000000
16540	2.90000000000000	0.000899624000000000
16550	2.90000000000000	0.000894264000000000
16560	2.90000000000000	0.000888640000000000
16570	2.90000000000000	0.000882768000000000
16580	2.90000000000000	0.000876656000000000
16590	2.90000000000000	0.000870328000000000
16600	2.90000000000000	0.000863784000000000
16610	2.90000000000000	0.000857048000000000
16620	2.90000000000000	0.000850136000000000
16630	2.90000000000000	0.000843056000000000
16640	2.90000000000000	0.000835824000000000
16650	2.90000000000000	0.000828456000000000
16660	2.90000000000000	0.000820960000000000
16670	2.90000000000000	0.000813352000000000
16680	2.90000000000000	0.000805648000000000
16690	2.90000000000000	0.000797857600000000
16700	2.90000000000000	0.000789992000000000
16710	2.90000000000000	0.000782063200000000
16720	2.90000000000000	0.000774083200000000
16730	2.90000000000000	0.000766062400000000
16740	2.90000000000000	0.000758011200000000
16750	2.90000000000000	0.000749939200000000
16760	2.90000000000000	0.000741856000000000
16770	2.90000000000000	0.000733770400000000
16780	2.90000000000000	0.000725691200000000
16790	2.90000000000000	0.000717626400000000
16800	2.90000000000000	0.000709583200000000
16810	2.90000000000000	0.000701568800000000
16820	2.90000000000000	0.000693590400000000
16830	2.90000000000000	0.000685653600000000
16840	2.90000000000000	0.000677764000000000
16850	2.90000000000000	0.000669928800000000
16860	2.90000000000000	0.000662150400000000
16870	2.90000000000000	0.000654436000000000
16880	2.90000000000000	0.000646788800000000
16890	2.90000000000000	0.000639212000000000
16900	2.90000000000000	0.000631710400000000
16910	2.90000000000000	0.000624286400000000
16920	2.90000000000000	0.000616944000000000
16930	2.90000000000000	0.000609684800000000
16940	2.90000000000000	0.000602511200000000
16950	2.90000000000000	0.000595426400000000
16960	2.90000000000000	0.000588431200000000
16970	2.90000000000000	0.000581528000000000
16980	2.90000000000000	0.000574717600000000
16990	2.90000000000000	0.000568001600000000
17000	2.90000000000000	0.000561380800000000
17010	2.90000000000000	0.000554856000000000
17020	2.90000000000000	0.000548427200000000
17030	2.90000000000000	0.000542096000000000
17040	2.90000000000000	0.000535862400000000
17050	2.90000000000000	0.000529726400000000
17060	2.90000000000000	0.000523687200000000
17070	2.90000000000000	0.000517746400000000
17080	2.90000000000000	0.000511902400000000
17090	2.90000000000000	0.000506155200000000
17100	2.90000000000000	0.000500504800000000
17110	2.90000000000000	0.000494950400000000
17120	2.90000000000000	0.000489491200000000
17130	2.90000000000000	0.000484127200000000
17140	2.90000000000000	0.000478856800000000
17150	2.90000000000000	0.000473680800000000
17160	2.90000000000000	0.000468596000000000
17170	2.90000000000000	0.000463604000000000
17180	2.90000000000000	0.000458701600000000
17190	2.90000000000000	0.000453889600000000
17200	2.90000000000000	0.000449166400000000
17210	2.90000000000000	0.000444530400000000
17220	2.90000000000000	0.000439980800000000
17230	2.90000000000000	0.000435517600000000
17240	2.90000000000000	0.000431138400000000
17250	2.90000000000000	0.000426842400000000
17260	2.90000000000000	0.000422628000000000
17270	2.90000000000000	0.000418495200000000
17280	2.90000000000000	0.000414442400000000
17290	2.90000000000000	0.000410468000000000
17300	2.90000000000000	0.000406571200000000
17310	2.90000000000000	0.000402751200000000
17320	2.90000000000000	0.000399005600000000
17330	2.90000000000000	0.000395334400000000
17340	2.90000000000000	0.000391736000000000
17350	2.90000000000000	0.000388209600000000
17360	2.90000000000000	0.000384753600000000
17370	2.90000000000000	0.000381367200000000
17380	2.90000000000000	0.000378048800000000
17390	2.90000000000000	0.000374797600000000
17400	2.90000000000000	0.000371612800000000
17410	2.90000000000000	0.000368492800000000
17420	2.90000000000000	0.000365436800000000
17430	2.90000000000000	0.000362443200000000
17440	2.90000000000000	0.000359512000000000
17450	2.90000000000000	0.000356640800000000
17460	2.90000000000000	0.000353829600000000
17470	2.90000000000000	0.000351076800000000
17480	2.90000000000000	0.000348381600000000
17490	2.90000000000000	0.000345743200000000
17500	2.90000000000000	0.000343160800000000
17510	2.90000000000000	0.000340632800000000
17520	2.90000000000000	0.000338157600000000
17530	2.90000000000000	0.000335736800000000
17540	2.90000000000000	0.000333367200000000
17550	2.90000000000000	0.000331048000000000
17560	2.90000000000000	0.000328779200000000
17570	2.90000000000000	0.000326560000000000
17580	2.90000000000000	0.000324388800000000
17590	2.90000000000000	0.000322265600000000
17600	2.90000000000000	0.000320188800000000
17610	2.90000000000000	0.000318157600000000
17620	2.90000000000000	0.000316171200000000
17630	2.90000000000000	0.000314229600000000
17640	2.90000000000000	0.000312332000000000
17650	2.90000000000000	0.000310476000000000
17660	2.90000000000000	0.000308663200000000
17670	2.90000000000000	0.000306891200000000
17680	2.90000000000000	0.000305159200000000
17690	2.90000000000000	0.000303468000000000
17700	2.90000000000000	0.000301816000000000
17710	2.90000000000000	0.000300201600000000
17720	2.90000000000000	0.000298625600000000
17730	2.90000000000000	0.000297087200000000
17740	2.90000000000000	0.000295584800000000
17750	2.90000000000000	0.000294118400000000
17760	2.90000000000000	0.000292688000000000
17770	2.90000000000000	0.000291292000000000
17780	2.90000000000000	0.000289929600000000
17790	2.90000000000000	0.000288601600000000
17800	2.90000000000000	0.000287305600000000
17810	2.90000000000000	0.000286043200000000
17820	2.90000000000000	0.000284812000000000
17830	2.90000000000000	0.000283612800000000
17840	2.90000000000000	0.000282444000000000
17850	2.90000000000000	0.000281305600000000
17860	2.90000000000000	0.000280197600000000
17870	2.90000000000000	0.000279118400000000
17880	2.90000000000000	0.000278068000000000
17890	2.90000000000000	0.000277046400000000
17900	2.90000000000000	0.000276052800000000
17910	2.90000000000000	0.000275086400000000
17920	2.90000000000000	0.000274147200000000
17930	2.90000000000000	0.000273234400000000
17940	2.90000000000000	0.000272348000000000
17950	2.90000000000000	0.000271487200000000
17960	2.90000000000000	0.000270651200000000
17970	2.90000000000000	0.000269840800000000
17980	2.90000000000000	0.000269055200000000
17990	2.90000000000000	0.000268292800000000
18000	2.90000000000000	0.000267555200000000
18010	2.90000000000000	0.000266840000000000
18020	2.90000000000000	0.000266148800000000
18030	2.90000000000000	0.000265479200000000
18040	2.90000000000000	0.000264832800000000
18050	2.90000000000000	0.000264207200000000
18060	2.90000000000000	0.000263604000000000
18070	2.90000000000000	0.000263021600000000
18080	2.90000000000000	0.000262460800000000
18090	2.90000000000000	0.000261920000000000
18100	2.90000000000000	0.000261399200000000
18110	2.90000000000000	0.000260898400000000
18120	2.90000000000000	0.000260417600000000
18130	2.90000000000000	0.000259955200000000
18140	2.90000000000000	0.000259512800000000
18150	2.90000000000000	0.000259088000000000
18160	2.90000000000000	0.000258682400000000
18170	2.90000000000000	0.000258294400000000
18180	2.90000000000000	0.000257924800000000
18190	2.90000000000000	0.000257572000000000
18200	2.90000000000000	0.000257236800000000
18210	2.90000000000000	0.000256917600000000
18220	2.90000000000000	0.000256616000000000
18230	2.90000000000000	0.000256330400000000
18240	2.90000000000000	0.000256061600000000
18250	2.90000000000000	0.000255808000000000
18260	2.90000000000000	0.000255569600000000
18270	2.90000000000000	0.000255347200000000
18280	2.90000000000000	0.000255139200000000
18290	2.90000000000000	0.000254946400000000
18300	2.90000000000000	0.000254768800000000
18310	2.90000000000000	0.000254604000000000
18320	2.90000000000000	0.000254454400000000
18330	2.90000000000000	0.000254318400000000
18340	2.90000000000000	0.000254196000000000
18350	2.90000000000000	0.000254086400000000
18360	2.90000000000000	0.000253990400000000
18370	2.90000000000000	0.000253907200000000
18380	2.90000000000000	0.000253836800000000
18390	2.90000000000000	0.000253778400000000
18400	2.90000000000000	0.000253732000000000
18410	2.90000000000000	0.000253697600000000
18420	2.90000000000000	0.000253675200000000
18430	2.90000000000000	0.000253664000000000
18440	2.90000000000000	0.000253664800000000
18450	2.90000000000000	0.000253676000000000
18460	2.90000000000000	0.000253697600000000
18470	2.90000000000000	0.000253730400000000
18480	2.90000000000000	0.000253773600000000
18490	2.90000000000000	0.000253826400000000
18500	2.90000000000000	0.000253889600000000
18510	2.90000000000000	0.000253962400000000
18520	2.90000000000000	0.000254044800000000
18530	2.90000000000000	0.000254136000000000
18540	2.90000000000000	0.000254236800000000
18550	2.90000000000000	0.000254346400000000
18560	2.90000000000000	0.000254464000000000
18570	2.90000000000000	0.000254590400000000
18580	2.90000000000000	0.000254725600000000
18590	2.90000000000000	0.000254868000000000
18600	2.90000000000000	0.000255018400000000
18610	2.90000000000000	0.000255176800000000
18620	2.90000000000000	0.000255342400000000
18630	2.90000000000000	0.000255514400000000
18640	2.90000000000000	0.000255694400000000
18650	2.90000000000000	0.000255880800000000
18660	2.90000000000000	0.000256073600000000
18670	2.90000000000000	0.000256272800000000
18680	2.90000000000000	0.000256477600000000
18690	2.90000000000000	0.000256688800000000
18700	2.90000000000000	0.000256905600000000
18710	2.90000000000000	0.000257128000000000
18720	2.90000000000000	0.000257356000000000
18730	2.90000000000000	0.000257588800000000
18740	2.90000000000000	0.000257826400000000
18750	2.90000000000000	0.000258068000000000
18760	2.90000000000000	0.000258315200000000
18770	2.90000000000000	0.000258566400000000
18780	2.90000000000000	0.000258820800000000
18790	2.90000000000000	0.000259080000000000
18800	2.90000000000000	0.000259342400000000
18810	2.90000000000000	0.000259608000000000
18820	2.90000000000000	0.000259877600000000
18830	2.90000000000000	0.000260149600000000
18840	2.90000000000000	0.000260424800000000
18850	2.90000000000000	0.000260702400000000
18860	2.90000000000000	0.000260982400000000
18870	2.90000000000000	0.000261264000000000
18880	2.90000000000000	0.000261548000000000
18890	2.90000000000000	0.000261834400000000
18900	2.90000000000000	0.000262121600000000
18910	2.90000000000000	0.000262410400000000
18920	2.90000000000000	0.000262700800000000
18930	2.90000000000000	0.000262992000000000
18940	2.90000000000000	0.000263284000000000
18950	2.90000000000000	0.000263576000000000
18960	2.90000000000000	0.000263868800000000
18970	2.90000000000000	0.000264161600000000
18980	2.90000000000000	0.000264454400000000
18990	2.90000000000000	0.000264747200000000
19000	2.90000000000000	0.000265040000000000
19010	2.90000000000000	0.000265331200000000
19020	2.90000000000000	0.000265621600000000
19030	2.90000000000000	0.000265912000000000
19040	2.90000000000000	0.000266200000000000
19050	2.90000000000000	0.000266487200000000
19060	2.90000000000000	0.000266772800000000
19070	2.90000000000000	0.000267056800000000
19080	2.90000000000000	0.000267338400000000
19090	2.90000000000000	0.000267617600000000
19100	2.90000000000000	0.000267894400000000
19110	2.90000000000000	0.000268169600000000
19120	2.90000000000000	0.000268440800000000
19130	2.90000000000000	0.000268709600000000
19140	2.90000000000000	0.000268975200000000
19150	2.90000000000000	0.000269237600000000
19160	2.90000000000000	0.000269496800000000
19170	2.90000000000000	0.000269752000000000
19180	2.90000000000000	0.000270003200000000
19190	2.90000000000000	0.000270250400000000
19200	2.90000000000000	0.000270493600000000
19210	2.90000000000000	0.000270732800000000
19220	2.90000000000000	0.000270967200000000
19230	2.90000000000000	0.000271196000000000
19240	2.90000000000000	0.000271420800000000
19250	2.90000000000000	0.000271640000000000
19260	2.90000000000000	0.000271854400000000
19270	2.90000000000000	0.000272063200000000
19280	2.90000000000000	0.000272267200000000
19290	2.90000000000000	0.000272464800000000
19300	2.90000000000000	0.000272656800000000
19310	2.90000000000000	0.000272842400000000
19320	2.90000000000000	0.000273021600000000
19330	2.90000000000000	0.000273195200000000
19340	2.90000000000000	0.000273362400000000
19350	2.90000000000000	0.000273522400000000
19360	2.90000000000000	0.000273676000000000
19370	2.90000000000000	0.000273823200000000
19380	2.90000000000000	0.000273963200000000
19390	2.90000000000000	0.000274095200000000
19400	2.90000000000000	0.000274220800000000
19410	2.90000000000000	0.000274339200000000
19420	2.90000000000000	0.000274449600000000
19430	2.90000000000000	0.000274552800000000
19440	2.90000000000000	0.000274648000000000
19450	2.90000000000000	0.000274735200000000
19460	2.90000000000000	0.000274814400000000
19470	2.90000000000000	0.000274885600000000
19480	2.90000000000000	0.000274948800000000
19490	2.90000000000000	0.000275004000000000
19500	2.90000000000000	0.000275051200000000
19510	2.90000000000000	0.000275088800000000
19520	2.90000000000000	0.000275118400000000
19530	2.90000000000000	0.000275140000000000
19540	2.90000000000000	0.000275152000000000
19550	2.90000000000000	0.000275156000000000
19560	2.90000000000000	0.000275151200000000
19570	2.90000000000000	0.000275136800000000
19580	2.90000000000000	0.000275113600000000
19590	2.90000000000000	0.000275081600000000
19600	2.90000000000000	0.000275040800000000
19610	2.90000000000000	0.000274990400000000
19620	2.90000000000000	0.000274931200000000
19630	2.90000000000000	0.000274862400000000
19640	2.90000000000000	0.000274784800000000
19650	2.90000000000000	0.000274697600000000
19660	2.90000000000000	0.000274600800000000
19670	2.90000000000000	0.000274495200000000
19680	2.90000000000000	0.000274379200000000
19690	2.90000000000000	0.000274254400000000
19700	2.90000000000000	0.000274120000000000
19710	2.90000000000000	0.000273976800000000
19720	2.90000000000000	0.000273823200000000
19730	2.90000000000000	0.000273660800000000
19740	2.90000000000000	0.000273488800000000
19750	2.90000000000000	0.000273306400000000
19760	2.90000000000000	0.000273116000000000
19770	2.90000000000000	0.000272915200000000
19780	2.90000000000000	0.000272704800000000
19790	2.90000000000000	0.000272484800000000
19800	2.90000000000000	0.000272256000000000
19810	2.90000000000000	0.000272017600000000
19820	2.90000000000000	0.000271769600000000
19830	2.90000000000000	0.000271512000000000
19840	2.90000000000000	0.000271245600000000
19850	2.90000000000000	0.000270969600000000
19860	2.90000000000000	0.000270684000000000
19870	2.90000000000000	0.000270389600000000
19880	2.90000000000000	0.000270085600000000
19890	2.90000000000000	0.000269772800000000
19900	2.90000000000000	0.000269451200000000
19910	2.90000000000000	0.000269120000000000
19920	2.90000000000000	0.000268780000000000
19930	2.90000000000000	0.000268430400000000
19940	2.90000000000000	0.000268072800000000
19950	2.90000000000000	0.000267705600000000
19960	2.90000000000000	0.000267330400000000
19970	2.90000000000000	0.000266946400000000
19980	2.90000000000000	0.000266553600000000
19990	2.90000000000000	0.000266152000000000
20000	2.90000000000000	0.000265742400000000