Wavelength(nm)	n	k
2.50000e+02	1.63700e+00	3.58890e+00
2.60000e+02	1.73700e+00	3.99320e+00
2.70000e+02	2.03000e+00	4.59580e+00
2.80000e+02	2.84000e+00	5.19610e+00
2.90000e+02	4.18500e+00	5.31240e+00
3.00000e+02	5.04900e+00	4.29000e+00
3.10000e+02	5.09100e+00	3.62390e+00
3.20000e+02	5.08500e+00	3.28240e+00
3.30000e+02	5.13500e+00	3.09350e+00
3.40000e+02	5.24500e+00	2.95730e+00
3.50000e+02	5.42300e+00	2.90780e+00
3.60000e+02	5.91400e+00	2.91350e+00
3.70000e+02	6.82000e+00	2.14030e+00
3.80000e+02	6.58700e+00	9.83990e-01
3.90000e+02	6.02500e+00	5.03080e-01
4.00000e+02	5.62300e+00	3.26270e-01
4.10000e+02	5.34100e+00	2.41270e-01
4.20000e+02	5.11000e+00	1.76940e-01
4.30000e+02	4.93200e+00	1.37660e-01
4.40000e+02	4.79000e+00	1.12010e-01
4.50000e+02	4.67300e+00	9.53620e-02
4.60000e+02	4.57200e+00	7.91050e-02
4.70000e+02	4.48500e+00	7.02400e-02
4.80000e+02	4.41200e+00	5.98170e-02
4.90000e+02	4.34900e+00	5.38100e-02
5.00000e+02	4.28900e+00	4.85420e-02
5.10000e+02	4.23500e+00	4.38310e-02
5.20000e+02	4.18700e+00	3.95310e-02
5.30000e+02	4.14500e+00	3.48040e-02
5.40000e+02	4.10300e+00	2.98960e-02
5.50000e+02	4.07300e+00	2.80380e-02
5.60000e+02	4.03800e+00	2.65510e-02
5.70000e+02	4.00600e+00	2.37460e-02
5.80000e+02	3.97700e+00	2.18960e-02
5.90000e+02	3.95400e+00	2.00760e-02
6.00000e+02	3.93100e+00	1.85210e-02
6.10000e+02	3.90800e+00	1.72570e-02
6.20000e+02	3.88800e+00	1.68090e-02
6.30000e+02	3.86900e+00	1.62680e-02
6.40000e+02	3.85100e+00	1.46930e-02
6.50000e+02	3.83500e+00	1.44470e-02
6.60000e+02	3.81700e+00	1.36080e-02
6.70000e+02	3.80500e+00	1.28070e-02
6.80000e+02	3.79100e+00	1.20450e-02
6.90000e+02	3.77600e+00	1.13170e-02
7.00000e+02	3.76500e+00	1.06230e-02
7.10000e+02	3.75300e+00	9.96100e-03
7.20000e+02	3.74100e+00	9.33350e-03
7.30000e+02	3.73000e+00	8.73120e-03
7.40000e+02	3.71900e+00	8.16180e-03
7.50000e+02	3.71200e+00	7.61560e-03
7.60000e+02	3.70100e+00	7.09420e-03
7.70000e+02	3.69300e+00	6.60540e-03
7.80000e+02	3.68400e+00	6.13380e-03
7.90000e+02	3.67700e+00	5.68880e-03
8.00000e+02	3.66900e+00	5.26550e-03
8.10000e+02	3.66200e+00	4.86400e-03
8.20000e+02	3.65500e+00	4.48360e-03
8.30000e+02	3.64600e+00	4.12350e-03
8.40000e+02	3.64100e+00	3.78280e-03
8.50000e+02	3.63600e+00	3.46050e-03
8.60000e+02	3.62800e+00	3.15630e-03
8.70000e+02	3.62200e+00	2.86970e-03
8.80000e+02	3.61700e+00	2.60010e-03
8.90000e+02	3.61300e+00	2.34640e-03
9.00000e+02	3.61000e+00	2.10920e-03
9.10000e+02	3.60400e+00	1.88640e-03
9.20000e+02	3.59800e+00	1.67870e-03
9.30000e+02	3.59700e+00	1.47570e-03
9.40000e+02	3.59000e+00	1.30610e-03
9.50000e+02	3.58400e+00	1.13930e-03
9.60000e+02	3.58400e+00	9.82430e-04
9.70000e+02	3.57800e+00	8.40600e-04
9.80000e+02	3.58200e+00	7.13340e-04
9.90000e+02	3.57900e+00	5.96380e-04
1.00000e+03	3.57500e+00	4.90200e-04
1.01000e+03	3.57200e+00	3.96160e-04
1.02000e+03	3.56800e+00	3.14370e-04
1.03000e+03	3.56500e+00	2.40480e-04
1.04000e+03	3.56200e+00	1.79590e-04
1.05000e+03	3.55900e+00	1.30430e-04
1.06000e+03	3.55600e+00	9.24500e-05
1.07000e+03	3.55300e+00	6.78200e-05
1.08000e+03	3.54900e+00	5.21680e-05
1.09000e+03	3.54700e+00	3.97700e-05
1.10000e+03	3.54500e+00	3.02170e-05
1.11000e+03	3.54200e+00	2.29130e-05
1.12000e+03	3.54000e+00	1.70680e-05
1.13000e+03	3.53700e+00	1.23820e-05
1.14000e+03	3.53400e+00	8.62100e-06
1.15000e+03	3.53300e+00	5.68760e-06
1.16000e+03	3.53000e+00	3.42750e-06
1.17000e+03	3.52700e+00	1.76530e-06
1.18000e+03	3.52600e+00	5.55610e-07
1.19000e+03	3.52400e+00	2.31530e-07
1.20000e+03	3.52200e+00	1.39040e-07
1.21000e+03	3.52000e+00	8.08630e-08
1.22000e+03	3.51800e+00	4.79400e-08
1.23000e+03	3.51700e+00	2.71320e-08
1.24000e+03	3.51500e+00	1.43180e-08
1.25000e+03	3.51300e+00	5.87980e-09
1.26000e+03	3.51200e+00	2.33520e-09
1.27000e+03	3.50900e+00	1.27140e-09
1.28000e+03	3.50900e+00	7.52840e-10
1.29000e+03	3.50600e+00	4.47990e-10
1.30000e+03	3.50500e+00	2.72280e-10
1.31000e+03	3.50300e+00	1.58560e-10
1.32000e+03	3.50200e+00	8.71960e-11
1.33000e+03	3.50100e+00	4.20390e-11
1.34000e+03	3.50000e+00	1.81280e-11
1.35000e+03	3.49900e+00	1.04280e-11
1.36000e+03	3.49700e+00	6.29110e-12
1.37000e+03	3.49600e+00	3.90300e-12
1.38000e+03	3.49600e+00	2.63670e-12
1.39000e+03	3.49600e+00	1.73770e-12
1.40000e+03	3.49300e+00	1.04280e-12
1.41000e+03	3.49200e+00	6.04220e-13
1.42000e+03	3.49200e+00	4.28950e-13
1.43000e+03	3.49000e+00	2.03810e-13
1.44000e+03	3.48800e+00	1.37850e-13
1.45000e+03	3.48700e+00	1.09010e-13
2.00000e+03	3.46987e+00	4.26000e-08
2.01000e+03	3.46987e+00	4.33000e-08
2.02000e+03	3.46987e+00	4.39000e-08
2.03000e+03	3.46987e+00	4.46000e-08
2.04000e+03	3.46987e+00	4.53000e-08
2.05000e+03	3.46987e+00	4.60000e-08
2.06000e+03	3.46987e+00	4.67000e-08
2.07000e+03	3.46987e+00	4.74000e-08
2.08000e+03	3.46987e+00	4.81000e-08
2.09000e+03	3.46987e+00	4.88000e-08
2.10000e+03	3.46987e+00	4.95000e-08
2.11000e+03	3.46987e+00	5.03000e-08
2.12000e+03	3.46987e+00	5.10000e-08
2.13000e+03	3.46987e+00	5.18000e-08
2.14000e+03	3.46987e+00	5.25000e-08
2.15000e+03	3.46987e+00	5.33000e-08
2.16000e+03	3.46987e+00	5.41000e-08
2.17000e+03	3.46987e+00	5.48000e-08
2.18000e+03	3.46987e+00	5.56000e-08
2.19000e+03	3.46987e+00	5.64000e-08
2.20000e+03	3.46987e+00	5.72000e-08
2.21000e+03	3.46987e+00	5.80000e-08
2.22000e+03	3.46987e+00	5.88000e-08
2.23000e+03	3.46987e+00	5.97000e-08
2.24000e+03	3.46987e+00	6.05000e-08
2.25000e+03	3.46987e+00	6.14000e-08
2.26000e+03	3.46987e+00	6.22000e-08
2.27000e+03	3.46987e+00	6.31000e-08
2.28000e+03	3.46987e+00	6.39000e-08
2.29000e+03	3.46987e+00	6.48000e-08
2.30000e+03	3.46987e+00	6.57000e-08
2.31000e+03	3.46987e+00	6.66000e-08
2.32000e+03	3.46987e+00	6.75000e-08
2.33000e+03	3.46987e+00	6.84000e-08
2.34000e+03	3.46987e+00	6.93000e-08
2.35000e+03	3.46987e+00	7.02000e-08
2.36000e+03	3.46987e+00	7.12000e-08
2.37000e+03	3.46987e+00	7.21000e-08
2.38000e+03	3.46987e+00	7.31000e-08
2.39000e+03	3.46987e+00	7.40000e-08
2.40000e+03	3.46987e+00	7.50000e-08
2.41000e+03	3.46987e+00	7.60000e-08
2.42000e+03	3.46987e+00	7.70000e-08
2.43000e+03	3.46987e+00	7.80000e-08
2.44000e+03	3.46987e+00	7.90000e-08
2.45000e+03	3.46987e+00	8.00000e-08
2.46000e+03	3.46987e+00	8.10000e-08
2.47000e+03	3.46987e+00	8.20000e-08
2.48000e+03	3.46987e+00	8.31000e-08
2.49000e+03	3.46987e+00	8.41000e-08
2.50000e+03	3.46987e+00	8.52000e-08
2.51000e+03	3.46987e+00	8.63000e-08
2.52000e+03	3.46987e+00	8.74000e-08
2.53000e+03	3.46987e+00	8.84000e-08
2.54000e+03	3.46987e+00	8.95000e-08
2.55000e+03	3.46987e+00	9.07000e-08
2.56000e+03	3.46987e+00	9.18000e-08
2.57000e+03	3.46987e+00	9.29000e-08
2.58000e+03	3.46987e+00	9.40000e-08
2.59000e+03	3.46987e+00	9.52000e-08
2.60000e+03	3.46987e+00	9.64000e-08
2.61000e+03	3.46986e+00	9.75000e-08
2.62000e+03	3.46986e+00	9.87000e-08
2.63000e+03	3.46986e+00	9.99000e-08
2.64000e+03	3.46986e+00	1.01100e-07
2.65000e+03	3.46986e+00	1.02300e-07
2.66000e+03	3.46986e+00	1.03500e-07
2.67000e+03	3.46986e+00	1.04800e-07
2.68000e+03	3.46986e+00	1.06000e-07
2.69000e+03	3.46986e+00	1.07200e-07
2.70000e+03	3.46986e+00	1.08500e-07
2.71000e+03	3.46986e+00	1.09800e-07
2.72000e+03	3.46986e+00	1.11100e-07
2.73000e+03	3.46986e+00	1.12400e-07
2.74000e+03	3.46986e+00	1.13700e-07
2.75000e+03	3.46986e+00	1.15000e-07
2.76000e+03	3.46986e+00	1.16300e-07
2.77000e+03	3.46986e+00	1.17600e-07
2.78000e+03	3.46986e+00	1.19000e-07
2.79000e+03	3.46986e+00	1.20400e-07
2.80000e+03	3.46986e+00	1.21700e-07
2.81000e+03	3.46986e+00	1.23100e-07
2.82000e+03	3.46986e+00	1.24500e-07
2.83000e+03	3.46986e+00	1.25900e-07
2.84000e+03	3.46986e+00	1.27300e-07
2.85000e+03	3.46986e+00	1.28700e-07
2.86000e+03	3.46986e+00	1.30200e-07
2.87000e+03	3.46986e+00	1.31600e-07
2.88000e+03	3.46986e+00	1.33100e-07
2.89000e+03	3.46986e+00	1.34600e-07
2.90000e+03	3.46986e+00	1.36100e-07
2.91000e+03	3.46986e+00	1.37600e-07
2.92000e+03	3.46986e+00	1.39100e-07
2.93000e+03	3.46986e+00	1.40600e-07
2.94000e+03	3.46986e+00	1.42100e-07
2.95000e+03	3.46986e+00	1.43700e-07
2.96000e+03	3.46986e+00	1.45200e-07
2.97000e+03	3.46986e+00	1.46800e-07
2.98000e+03	3.46986e+00	1.48400e-07
2.99000e+03	3.46986e+00	1.50000e-07
3.00000e+03	3.46986e+00	1.51600e-07
3.01000e+03	3.46986e+00	1.53200e-07
3.02000e+03	3.46986e+00	1.54800e-07
3.03000e+03	3.46986e+00	1.56500e-07
3.04000e+03	3.46986e+00	1.58100e-07
3.05000e+03	3.46986e+00	1.59800e-07
3.06000e+03	3.46986e+00	1.61500e-07
3.07000e+03	3.46986e+00	1.63200e-07
3.08000e+03	3.46986e+00	1.64900e-07
3.09000e+03	3.46986e+00	1.66600e-07
3.10000e+03	3.46986e+00	1.68300e-07
3.11000e+03	3.46986e+00	1.70100e-07
3.12000e+03	3.46986e+00	1.71900e-07
3.13000e+03	3.46986e+00	1.73600e-07
3.14000e+03	3.46986e+00	1.75400e-07
3.15000e+03	3.46986e+00	1.77200e-07
3.16000e+03	3.46986e+00	1.79000e-07
3.17000e+03	3.46986e+00	1.80900e-07
3.18000e+03	3.46986e+00	1.82700e-07
3.19000e+03	3.46986e+00	1.84600e-07
3.20000e+03	3.46986e+00	1.86400e-07
3.21000e+03	3.46986e+00	1.88300e-07
3.22000e+03	3.46986e+00	1.90200e-07
3.23000e+03	3.46986e+00	1.92100e-07
3.24000e+03	3.46986e+00	1.94100e-07
3.25000e+03	3.46986e+00	1.96000e-07
3.26000e+03	3.46986e+00	1.98000e-07
3.27000e+03	3.46986e+00	1.99900e-07
3.28000e+03	3.46986e+00	2.01900e-07
3.29000e+03	3.46986e+00	2.03900e-07
3.30000e+03	3.46986e+00	2.05900e-07
3.31000e+03	3.46986e+00	2.07900e-07
3.32000e+03	3.46986e+00	2.10000e-07
3.33000e+03	3.46986e+00	2.12000e-07
3.34000e+03	3.46986e+00	2.14100e-07
3.35000e+03	3.46986e+00	2.16200e-07
3.36000e+03	3.46986e+00	2.18300e-07
3.37000e+03	3.46986e+00	2.20400e-07
3.38000e+03	3.46986e+00	2.22600e-07
3.39000e+03	3.46986e+00	2.24700e-07
3.40000e+03	3.46986e+00	2.26900e-07
3.41000e+03	3.46986e+00	2.29000e-07
3.42000e+03	3.46986e+00	2.31200e-07
3.43000e+03	3.46986e+00	2.33400e-07
3.44000e+03	3.46986e+00	2.35700e-07
3.45000e+03	3.46986e+00	2.37900e-07
3.46000e+03	3.46986e+00	2.40200e-07
3.47000e+03	3.46986e+00	2.42400e-07
3.48000e+03	3.46986e+00	2.44700e-07
3.49000e+03	3.46986e+00	2.47000e-07
3.50000e+03	3.46986e+00	2.49400e-07
3.51000e+03	3.46986e+00	2.51700e-07
3.52000e+03	3.46986e+00	2.54100e-07
3.53000e+03	3.46986e+00	2.56400e-07
3.54000e+03	3.46986e+00	2.58800e-07
3.55000e+03	3.46986e+00	2.61200e-07
3.56000e+03	3.46986e+00	2.63600e-07
3.57000e+03	3.46986e+00	2.66100e-07
3.58000e+03	3.46986e+00	2.68500e-07
3.59000e+03	3.46986e+00	2.71000e-07
3.60000e+03	3.46986e+00	2.73500e-07
3.61000e+03	3.46986e+00	2.76000e-07
3.62000e+03	3.46986e+00	2.78500e-07
3.63000e+03	3.46986e+00	2.81100e-07
3.64000e+03	3.46986e+00	2.83600e-07
3.65000e+03	3.46986e+00	2.86200e-07
3.66000e+03	3.46986e+00	2.88800e-07
3.67000e+03	3.46986e+00	2.91400e-07
3.68000e+03	3.46986e+00	2.94100e-07
3.69000e+03	3.46986e+00	2.96700e-07
3.70000e+03	3.46986e+00	2.99400e-07
3.71000e+03	3.46986e+00	3.02100e-07
3.72000e+03	3.46986e+00	3.04800e-07
3.73000e+03	3.46986e+00	3.07500e-07
3.74000e+03	3.46986e+00	3.10200e-07
3.75000e+03	3.46986e+00	3.13000e-07
3.76000e+03	3.46986e+00	3.15800e-07
3.77000e+03	3.46986e+00	3.18600e-07
3.78000e+03	3.46986e+00	3.21400e-07
3.79000e+03	3.46986e+00	3.24200e-07
3.80000e+03	3.46986e+00	3.27100e-07
3.81000e+03	3.46986e+00	3.29900e-07
3.82000e+03	3.46986e+00	3.32800e-07
3.83000e+03	3.46986e+00	3.35700e-07
3.84000e+03	3.46986e+00	3.38700e-07
3.85000e+03	3.46986e+00	3.41600e-07
3.86000e+03	3.46986e+00	3.44600e-07
3.87000e+03	3.46986e+00	3.47600e-07
3.88000e+03	3.46986e+00	3.50600e-07
3.89000e+03	3.46986e+00	3.53600e-07
3.90000e+03	3.46986e+00	3.56700e-07
3.91000e+03	3.46986e+00	3.59700e-07
3.92000e+03	3.46986e+00	3.62800e-07
3.93000e+03	3.46986e+00	3.65900e-07
3.94000e+03	3.46986e+00	3.69100e-07
3.95000e+03	3.46986e+00	3.72200e-07
3.96000e+03	3.46986e+00	3.75400e-07
3.97000e+03	3.46986e+00	3.78600e-07
3.98000e+03	3.46986e+00	3.81800e-07
3.99000e+03	3.46986e+00	3.85100e-07
4.00000e+03	3.46986e+00	3.88300e-07
4.01000e+03	3.46986e+00	3.91600e-07
4.02000e+03	3.46986e+00	3.94900e-07
4.03000e+03	3.46986e+00	3.98200e-07
4.04000e+03	3.46986e+00	4.01600e-07
4.05000e+03	3.46986e+00	4.04900e-07
4.06000e+03	3.46986e+00	4.08300e-07
4.07000e+03	3.46986e+00	4.11700e-07
4.08000e+03	3.46986e+00	4.15200e-07
4.09000e+03	3.46986e+00	4.18600e-07
4.10000e+03	3.46986e+00	4.22100e-07
4.11000e+03	3.46986e+00	4.25600e-07
4.12000e+03	3.46986e+00	4.29100e-07
4.13000e+03	3.46986e+00	4.32700e-07
4.14000e+03	3.46986e+00	4.36200e-07
4.15000e+03	3.46986e+00	4.39800e-07
4.16000e+03	3.46986e+00	4.43400e-07
4.17000e+03	3.46986e+00	4.47100e-07
4.18000e+03	3.46986e+00	4.50800e-07
4.19000e+03	3.46986e+00	4.54400e-07
4.20000e+03	3.46986e+00	4.58200e-07
4.21000e+03	3.46986e+00	4.61900e-07
4.22000e+03	3.46986e+00	4.65600e-07
4.23000e+03	3.46986e+00	4.69400e-07
4.24000e+03	3.46986e+00	4.73200e-07
4.25000e+03	3.46986e+00	4.77100e-07
4.26000e+03	3.46986e+00	4.80900e-07
4.27000e+03	3.46986e+00	4.84800e-07
4.28000e+03	3.46985e+00	4.88700e-07
4.29000e+03	3.46985e+00	4.92600e-07
4.30000e+03	3.46985e+00	4.96600e-07
4.31000e+03	3.46985e+00	5.00600e-07
4.32000e+03	3.46985e+00	5.04600e-07
4.33000e+03	3.46985e+00	5.08600e-07
4.34000e+03	3.46985e+00	5.12700e-07
4.35000e+03	3.46985e+00	5.16800e-07
4.36000e+03	3.46985e+00	5.20900e-07
4.37000e+03	3.46985e+00	5.25000e-07
4.38000e+03	3.46985e+00	5.29200e-07
4.39000e+03	3.46985e+00	5.33400e-07
4.40000e+03	3.46985e+00	5.37600e-07
4.41000e+03	3.46985e+00	5.41800e-07
4.42000e+03	3.46985e+00	5.46100e-07
4.43000e+03	3.46985e+00	5.50400e-07
4.44000e+03	3.46985e+00	5.54700e-07
4.45000e+03	3.46985e+00	5.59100e-07
4.46000e+03	3.46985e+00	5.63500e-07
4.47000e+03	3.46985e+00	5.67900e-07
4.48000e+03	3.46985e+00	5.72300e-07
4.49000e+03	3.46985e+00	5.76800e-07
4.50000e+03	3.46985e+00	5.81200e-07
4.51000e+03	3.46985e+00	5.85800e-07
4.52000e+03	3.46985e+00	5.90300e-07
4.53000e+03	3.46985e+00	5.94900e-07
4.54000e+03	3.46985e+00	5.99500e-07
4.55000e+03	3.46985e+00	6.04100e-07
4.56000e+03	3.46985e+00	6.08800e-07
4.57000e+03	3.46985e+00	6.13500e-07
4.58000e+03	3.46985e+00	6.18200e-07
4.59000e+03	3.46985e+00	6.23000e-07
4.60000e+03	3.46985e+00	6.27700e-07
4.61000e+03	3.46985e+00	6.32600e-07
4.62000e+03	3.46985e+00	6.37400e-07
4.63000e+03	3.46985e+00	6.42300e-07
4.64000e+03	3.46985e+00	6.47200e-07
4.65000e+03	3.46985e+00	6.52100e-07
4.66000e+03	3.46985e+00	6.57100e-07
4.67000e+03	3.46985e+00	6.62100e-07
4.68000e+03	3.46985e+00	6.67100e-07
4.69000e+03	3.46985e+00	6.72200e-07
4.70000e+03	3.46985e+00	6.77300e-07
4.71000e+03	3.46985e+00	6.82400e-07
4.72000e+03	3.46985e+00	6.87500e-07
4.73000e+03	3.46985e+00	6.92700e-07
4.74000e+03	3.46985e+00	6.97900e-07
4.75000e+03	3.46985e+00	7.03200e-07
4.76000e+03	3.46985e+00	7.08500e-07
4.77000e+03	3.46985e+00	7.13800e-07
4.78000e+03	3.46985e+00	7.19100e-07
4.79000e+03	3.46985e+00	7.24500e-07
4.80000e+03	3.46985e+00	7.29900e-07
4.81000e+03	3.46985e+00	7.35400e-07
4.82000e+03	3.46985e+00	7.40900e-07
4.83000e+03	3.46985e+00	7.46400e-07
4.84000e+03	3.46985e+00	7.52000e-07
4.85000e+03	3.46985e+00	7.57600e-07
4.86000e+03	3.46985e+00	7.63200e-07
4.87000e+03	3.46985e+00	7.68800e-07
4.88000e+03	3.46985e+00	7.74500e-07
4.89000e+03	3.46985e+00	7.80300e-07
4.90000e+03	3.46985e+00	7.86000e-07
4.91000e+03	3.46985e+00	7.91800e-07
4.92000e+03	3.46985e+00	7.97700e-07
4.93000e+03	3.46985e+00	8.03500e-07
4.94000e+03	3.46985e+00	8.09400e-07
4.95000e+03	3.46985e+00	8.15400e-07
4.96000e+03	3.46985e+00	8.21400e-07
4.97000e+03	3.46985e+00	8.27400e-07
4.98000e+03	3.46985e+00	8.33500e-07
4.99000e+03	3.46985e+00	8.39600e-07
5.00000e+03	3.46985e+00	8.45700e-07
5.01000e+03	3.46985e+00	8.51900e-07
5.02000e+03	3.46985e+00	8.58100e-07
5.03000e+03	3.46985e+00	8.64300e-07
5.04000e+03	3.46985e+00	8.70600e-07
5.05000e+03	3.46985e+00	8.76900e-07
5.06000e+03	3.46985e+00	8.83300e-07
5.07000e+03	3.46985e+00	8.89700e-07
5.08000e+03	3.46985e+00	8.96200e-07
5.09000e+03	3.46985e+00	9.02600e-07
5.10000e+03	3.46985e+00	9.09200e-07
5.11000e+03	3.46985e+00	9.15700e-07
5.12000e+03	3.46985e+00	9.22300e-07
5.13000e+03	3.46985e+00	9.29000e-07
5.14000e+03	3.46985e+00	9.35700e-07
5.15000e+03	3.46985e+00	9.42400e-07
5.16000e+03	3.46985e+00	9.49200e-07
5.17000e+03	3.46985e+00	9.56000e-07
5.18000e+03	3.46985e+00	9.62900e-07
5.19000e+03	3.46985e+00	9.69800e-07
5.20000e+03	3.46985e+00	9.76700e-07
5.21000e+03	3.46985e+00	9.83700e-07
5.22000e+03	3.46985e+00	9.90700e-07
5.23000e+03	3.46985e+00	9.97800e-07
5.24000e+03	3.46985e+00	1.00490e-06
5.25000e+03	3.46985e+00	1.01210e-06
5.26000e+03	3.46985e+00	1.01930e-06
5.27000e+03	3.46985e+00	1.02650e-06
5.28000e+03	3.46985e+00	1.03380e-06
5.29000e+03	3.46985e+00	1.04120e-06
5.30000e+03	3.46985e+00	1.04860e-06
5.31000e+03	3.46985e+00	1.05600e-06
5.32000e+03	3.46985e+00	1.06350e-06
5.33000e+03	3.46984e+00	1.07100e-06
5.34000e+03	3.46984e+00	1.07860e-06
5.35000e+03	3.46984e+00	1.08620e-06
5.36000e+03	3.46984e+00	1.09390e-06
5.37000e+03	3.46984e+00	1.10160e-06
5.38000e+03	3.46984e+00	1.10930e-06
5.39000e+03	3.46984e+00	1.11720e-06
5.40000e+03	3.46984e+00	1.12500e-06
5.41000e+03	3.46984e+00	1.13290e-06
5.42000e+03	3.46984e+00	1.14090e-06
5.43000e+03	3.46984e+00	1.14890e-06
5.44000e+03	3.46984e+00	1.15700e-06
5.45000e+03	3.46984e+00	1.16510e-06
5.46000e+03	3.46984e+00	1.17320e-06
5.47000e+03	3.46984e+00	1.18150e-06
5.48000e+03	3.46984e+00	1.18970e-06
5.49000e+03	3.46984e+00	1.19800e-06
5.50000e+03	3.46984e+00	1.20640e-06
5.51000e+03	3.46984e+00	1.21480e-06
5.52000e+03	3.46984e+00	1.22330e-06
5.53000e+03	3.46984e+00	1.23180e-06
5.54000e+03	3.46984e+00	1.24040e-06
5.55000e+03	3.46984e+00	1.24910e-06
5.56000e+03	3.46984e+00	1.25770e-06
5.57000e+03	3.46984e+00	1.26650e-06
5.58000e+03	3.46984e+00	1.27530e-06
5.59000e+03	3.46984e+00	1.28410e-06
5.60000e+03	3.46984e+00	1.29310e-06
5.61000e+03	3.46984e+00	1.30200e-06
5.62000e+03	3.46984e+00	1.31100e-06
5.63000e+03	3.46984e+00	1.32010e-06
5.64000e+03	3.46984e+00	1.32930e-06
5.65000e+03	3.46984e+00	1.33850e-06
5.66000e+03	3.46984e+00	1.34770e-06
5.67000e+03	3.46984e+00	1.35700e-06
5.68000e+03	3.46984e+00	1.36640e-06
5.69000e+03	3.46984e+00	1.37580e-06
5.70000e+03	3.46984e+00	1.38530e-06
5.71000e+03	3.46984e+00	1.39490e-06
5.72000e+03	3.46984e+00	1.40450e-06
5.73000e+03	3.46984e+00	1.41420e-06
5.74000e+03	3.46984e+00	1.42390e-06
5.75000e+03	3.46984e+00	1.43370e-06
5.76000e+03	3.46984e+00	1.44360e-06
5.77000e+03	3.46984e+00	1.45350e-06
5.78000e+03	3.46984e+00	1.46350e-06
5.79000e+03	3.46984e+00	1.47350e-06
5.80000e+03	3.46984e+00	1.48360e-06
5.81000e+03	3.46984e+00	1.49380e-06
5.82000e+03	3.46984e+00	1.50410e-06
5.83000e+03	3.46984e+00	1.51440e-06
5.84000e+03	3.46984e+00	1.52470e-06
5.85000e+03	3.46984e+00	1.53520e-06
5.86000e+03	3.46984e+00	1.54570e-06
5.87000e+03	3.46984e+00	1.55630e-06
5.88000e+03	3.46984e+00	1.56690e-06
5.89000e+03	3.46984e+00	1.57760e-06
5.90000e+03	3.46984e+00	1.58840e-06
5.91000e+03	3.46984e+00	1.59930e-06
5.92000e+03	3.46984e+00	1.61020e-06
5.93000e+03	3.46984e+00	1.62120e-06
5.94000e+03	3.46984e+00	1.63230e-06
5.95000e+03	3.46984e+00	1.64340e-06
5.96000e+03	3.46984e+00	1.65460e-06
5.97000e+03	3.46984e+00	1.66590e-06
5.98000e+03	3.46984e+00	1.67730e-06
5.99000e+03	3.46984e+00	1.68870e-06
6.00000e+03	3.46984e+00	1.70020e-06
6.01000e+03	3.46984e+00	1.71180e-06
6.02000e+03	3.46984e+00	1.72340e-06
6.03000e+03	3.46984e+00	1.73520e-06
6.04000e+03	3.46984e+00	1.74700e-06
6.05000e+03	3.46984e+00	1.75890e-06
6.06000e+03	3.46984e+00	1.77080e-06
6.07000e+03	3.46984e+00	1.78290e-06
6.08000e+03	3.46984e+00	1.79500e-06
6.09000e+03	3.46984e+00	1.80720e-06
6.10000e+03	3.46983e+00	1.81950e-06
6.11000e+03	3.46983e+00	1.83180e-06
6.12000e+03	3.46983e+00	1.84430e-06
6.13000e+03	3.46983e+00	1.85680e-06
6.14000e+03	3.46983e+00	1.86940e-06
6.15000e+03	3.46983e+00	1.88210e-06
6.16000e+03	3.46983e+00	1.89490e-06
6.17000e+03	3.46983e+00	1.90780e-06
6.18000e+03	3.46983e+00	1.92070e-06
6.19000e+03	3.46983e+00	1.93380e-06
6.20000e+03	3.46983e+00	1.94690e-06
6.21000e+03	3.46983e+00	1.96010e-06
6.22000e+03	3.46983e+00	1.97340e-06
6.23000e+03	3.46983e+00	1.98680e-06
6.24000e+03	3.46983e+00	2.00030e-06
6.25000e+03	3.46983e+00	2.01380e-06
6.26000e+03	3.46983e+00	2.02750e-06
6.27000e+03	3.46983e+00	2.04130e-06
6.28000e+03	3.46983e+00	2.05510e-06
6.29000e+03	3.46983e+00	2.06910e-06
6.30000e+03	3.46983e+00	2.08310e-06
6.31000e+03	3.46983e+00	2.09720e-06
6.32000e+03	3.46983e+00	2.11150e-06
6.33000e+03	3.46983e+00	2.12580e-06
6.34000e+03	3.46983e+00	2.14020e-06
6.35000e+03	3.46983e+00	2.15470e-06
6.36000e+03	3.46983e+00	2.16940e-06
6.37000e+03	3.46983e+00	2.18410e-06
6.38000e+03	3.46983e+00	2.19890e-06
6.39000e+03	3.46983e+00	2.21380e-06
6.40000e+03	3.46983e+00	2.22890e-06
6.41000e+03	3.46983e+00	2.24400e-06
6.42000e+03	3.46983e+00	2.25920e-06
6.43000e+03	3.46983e+00	2.27460e-06
6.44000e+03	3.46983e+00	2.29000e-06
6.45000e+03	3.46983e+00	2.30560e-06
6.46000e+03	3.46983e+00	2.32130e-06
6.47000e+03	3.46983e+00	2.33700e-06
6.48000e+03	3.46983e+00	2.35290e-06
6.49000e+03	3.46983e+00	2.36890e-06
6.50000e+03	3.46983e+00	2.38500e-06
6.51000e+03	3.46983e+00	2.40130e-06
6.52000e+03	3.46983e+00	2.41760e-06
6.53000e+03	3.46983e+00	2.43410e-06
6.54000e+03	3.46983e+00	2.45060e-06
6.55000e+03	3.46983e+00	2.46730e-06
6.56000e+03	3.46983e+00	2.48410e-06
6.57000e+03	3.46983e+00	2.50110e-06
6.58000e+03	3.46983e+00	2.51810e-06
6.59000e+03	3.46983e+00	2.53530e-06
6.60000e+03	3.46983e+00	2.55260e-06
6.61000e+03	3.46983e+00	2.57000e-06
6.62000e+03	3.46983e+00	2.58760e-06
6.63000e+03	3.46983e+00	2.60520e-06
6.64000e+03	3.46983e+00	2.62300e-06
6.65000e+03	3.46983e+00	2.64100e-06
6.66000e+03	3.46983e+00	2.65900e-06
6.67000e+03	3.46983e+00	2.67720e-06
6.68000e+03	3.46983e+00	2.69560e-06
6.69000e+03	3.46983e+00	2.71400e-06
6.70000e+03	3.46982e+00	2.73260e-06
6.71000e+03	3.46982e+00	2.75140e-06
6.72000e+03	3.46982e+00	2.77020e-06
6.73000e+03	3.46982e+00	2.78930e-06
6.74000e+03	3.46982e+00	2.80840e-06
6.75000e+03	3.46982e+00	2.82770e-06
6.76000e+03	3.46982e+00	2.84720e-06
6.77000e+03	3.46982e+00	2.86670e-06
6.78000e+03	3.46982e+00	2.88650e-06
6.79000e+03	3.46982e+00	2.90640e-06
6.80000e+03	3.46982e+00	2.92640e-06
6.81000e+03	3.46982e+00	2.94660e-06
6.82000e+03	3.46982e+00	2.96690e-06
6.83000e+03	3.46982e+00	2.98740e-06
6.84000e+03	3.46982e+00	3.00810e-06
6.85000e+03	3.46982e+00	3.02890e-06
6.86000e+03	3.46982e+00	3.04990e-06
6.87000e+03	3.46982e+00	3.07100e-06
6.88000e+03	3.46982e+00	3.09230e-06
6.89000e+03	3.46982e+00	3.11380e-06
6.90000e+03	3.46982e+00	3.13540e-06
6.91000e+03	3.46982e+00	3.15720e-06
6.92000e+03	3.46982e+00	3.17910e-06
6.93000e+03	3.46982e+00	3.20130e-06
6.94000e+03	3.46982e+00	3.22360e-06
6.95000e+03	3.46982e+00	3.24610e-06
6.96000e+03	3.46982e+00	3.26880e-06
6.97000e+03	3.46982e+00	3.29160e-06
6.98000e+03	3.46982e+00	3.31460e-06
6.99000e+03	3.46982e+00	3.33790e-06
7.00000e+03	3.46982e+00	3.36130e-06
7.01000e+03	3.46982e+00	3.38490e-06
7.02000e+03	3.46982e+00	3.40860e-06
7.03000e+03	3.46982e+00	3.43260e-06
7.04000e+03	3.46982e+00	3.45680e-06
7.05000e+03	3.46982e+00	3.48120e-06
7.06000e+03	3.46982e+00	3.50570e-06
7.07000e+03	3.46982e+00	3.53050e-06
7.08000e+03	3.46982e+00	3.55550e-06
7.09000e+03	3.46982e+00	3.58070e-06
7.10000e+03	3.46982e+00	3.60610e-06
7.11000e+03	3.46982e+00	3.63170e-06
7.12000e+03	3.46982e+00	3.65750e-06
7.13000e+03	3.46982e+00	3.68350e-06
7.14000e+03	3.46982e+00	3.70980e-06
7.15000e+03	3.46982e+00	3.73630e-06
7.16000e+03	3.46982e+00	3.76300e-06
7.17000e+03	3.46982e+00	3.78990e-06
7.18000e+03	3.46981e+00	3.81710e-06
7.19000e+03	3.46981e+00	3.84450e-06
7.20000e+03	3.46981e+00	3.87220e-06
7.21000e+03	3.46981e+00	3.90010e-06
7.22000e+03	3.46981e+00	3.92820e-06
7.23000e+03	3.46981e+00	3.95660e-06
7.24000e+03	3.46981e+00	3.98520e-06
7.25000e+03	3.46981e+00	4.01410e-06
7.26000e+03	3.46981e+00	4.04320e-06
7.27000e+03	3.46981e+00	4.07260e-06
7.28000e+03	3.46981e+00	4.10230e-06
7.29000e+03	3.46981e+00	4.13230e-06
7.30000e+03	3.46981e+00	4.16250e-06
7.31000e+03	3.46981e+00	4.19300e-06
7.32000e+03	3.46981e+00	4.22370e-06
7.33000e+03	3.46981e+00	4.25480e-06
7.34000e+03	3.46981e+00	4.28620e-06
7.35000e+03	3.46981e+00	4.31780e-06
7.36000e+03	3.46981e+00	4.34970e-06
7.37000e+03	3.46981e+00	4.38200e-06
7.38000e+03	3.46981e+00	4.41450e-06
7.39000e+03	3.46981e+00	4.44740e-06
7.40000e+03	3.46981e+00	4.48060e-06
7.41000e+03	3.46981e+00	4.51410e-06
7.42000e+03	3.46981e+00	4.54790e-06
7.43000e+03	3.46981e+00	4.58200e-06
7.44000e+03	3.46981e+00	4.61650e-06
7.45000e+03	3.46981e+00	4.65130e-06
7.46000e+03	3.46981e+00	4.68650e-06
7.47000e+03	3.46981e+00	4.72210e-06
7.48000e+03	3.46981e+00	4.75790e-06
7.49000e+03	3.46981e+00	4.79420e-06
7.50000e+03	3.46981e+00	4.83080e-06
7.51000e+03	3.46981e+00	4.86780e-06
7.52000e+03	3.46981e+00	4.90520e-06
7.53000e+03	3.46981e+00	4.94300e-06
7.54000e+03	3.46981e+00	4.98120e-06
7.55000e+03	3.46981e+00	5.01970e-06
7.56000e+03	3.46981e+00	5.05870e-06
7.57000e+03	3.46980e+00	5.09810e-06
7.58000e+03	3.46980e+00	5.13790e-06
7.59000e+03	3.46980e+00	5.17820e-06
7.60000e+03	3.46980e+00	5.21890e-06
7.61000e+03	3.46980e+00	5.26010e-06
7.62000e+03	3.46980e+00	5.30170e-06
7.63000e+03	3.46980e+00	5.34380e-06
7.64000e+03	3.46980e+00	5.38630e-06
7.65000e+03	3.46980e+00	5.42940e-06
7.66000e+03	3.46980e+00	5.47290e-06
7.67000e+03	3.46980e+00	5.51690e-06
7.68000e+03	3.46980e+00	5.56150e-06
7.69000e+03	3.46980e+00	5.60660e-06
7.70000e+03	3.46980e+00	5.65220e-06
7.71000e+03	3.46980e+00	5.69830e-06
7.72000e+03	3.46980e+00	5.74510e-06
7.73000e+03	3.46980e+00	5.79240e-06
7.74000e+03	3.46980e+00	5.84020e-06
7.75000e+03	3.46980e+00	5.88870e-06
7.76000e+03	3.46980e+00	5.93780e-06
7.77000e+03	3.46980e+00	5.98750e-06
7.78000e+03	3.46980e+00	6.03780e-06
7.79000e+03	3.46980e+00	6.08880e-06
7.80000e+03	3.46980e+00	6.14050e-06
7.81000e+03	3.46980e+00	6.19280e-06
7.82000e+03	3.46980e+00	6.24580e-06
7.83000e+03	3.46980e+00	6.29960e-06
7.84000e+03	3.46980e+00	6.35400e-06
7.85000e+03	3.46980e+00	6.40930e-06
7.86000e+03	3.46980e+00	6.46520e-06
7.87000e+03	3.46980e+00	6.52200e-06
7.88000e+03	3.46979e+00	6.57960e-06
7.89000e+03	3.46979e+00	6.63800e-06
7.90000e+03	3.46979e+00	6.69730e-06
7.91000e+03	3.46979e+00	6.75740e-06
7.92000e+03	3.46979e+00	6.81840e-06
7.93000e+03	3.46979e+00	6.88040e-06
7.94000e+03	3.46979e+00	6.94330e-06
7.95000e+03	3.46979e+00	7.00710e-06
7.96000e+03	3.46979e+00	7.07200e-06
7.97000e+03	3.46979e+00	7.13790e-06
7.98000e+03	3.46979e+00	7.20480e-06
7.99000e+03	3.46979e+00	7.27290e-06
8.00000e+03	3.46979e+00	7.34200e-06
8.01000e+03	3.46979e+00	7.41230e-06
8.02000e+03	3.46979e+00	7.48380e-06
8.03000e+03	3.46979e+00	7.55660e-06
8.04000e+03	3.46979e+00	7.63060e-06
8.05000e+03	3.46979e+00	7.70590e-06
8.06000e+03	3.46979e+00	7.78250e-06
8.07000e+03	3.46979e+00	7.86060e-06
8.08000e+03	3.46979e+00	7.94000e-06
8.09000e+03	3.46979e+00	8.02100e-06
8.10000e+03	3.46979e+00	8.10350e-06
8.11000e+03	3.46979e+00	8.18770e-06
8.12000e+03	3.46978e+00	8.27340e-06
8.13000e+03	3.46978e+00	8.36090e-06
8.14000e+03	3.46978e+00	8.45020e-06
8.15000e+03	3.46978e+00	8.54130e-06
8.16000e+03	3.46978e+00	8.63430e-06
8.17000e+03	3.46978e+00	8.72930e-06
8.18000e+03	3.46978e+00	8.82630e-06
8.19000e+03	3.46978e+00	8.92550e-06
8.20000e+03	3.46978e+00	9.02700e-06
8.21000e+03	3.46978e+00	9.13070e-06
8.22000e+03	3.46978e+00	9.23690e-06
8.23000e+03	3.46978e+00	9.34560e-06
8.24000e+03	3.46978e+00	9.45690e-06
8.25000e+03	3.46978e+00	9.57100e-06
8.26000e+03	3.46978e+00	9.68790e-06
8.27000e+03	3.46978e+00	9.80780e-06
8.28000e+03	3.46978e+00	9.93090e-06
8.29000e+03	3.46978e+00	1.00572e-05
8.30000e+03	3.46978e+00	1.01870e-05
8.31000e+03	3.46977e+00	1.03204e-05
8.32000e+03	3.46977e+00	1.04575e-05
8.33000e+03	3.46977e+00	1.05986e-05
8.34000e+03	3.46977e+00	1.07439e-05
8.35000e+03	3.46977e+00	1.08935e-05
8.36000e+03	3.46977e+00	1.10478e-05
8.37000e+03	3.46977e+00	1.12069e-05
8.38000e+03	3.46977e+00	1.13711e-05
8.39000e+03	3.46977e+00	1.15408e-05
8.40000e+03	3.46977e+00	1.17161e-05
8.41000e+03	3.46977e+00	1.18975e-05
8.42000e+03	3.46977e+00	1.20853e-05
8.43000e+03	3.46977e+00	1.22798e-05
8.44000e+03	3.46977e+00	1.24815e-05
8.45000e+03	3.46977e+00	1.26909e-05
8.46000e+03	3.46976e+00	1.29083e-05
8.47000e+03	3.46976e+00	1.31344e-05
8.48000e+03	3.46976e+00	1.33696e-05
8.49000e+03	3.46976e+00	1.36146e-05
8.50000e+03	3.46976e+00	1.38701e-05
8.51000e+03	3.46976e+00	1.41368e-05
8.52000e+03	3.46976e+00	1.44154e-05
8.53000e+03	3.46976e+00	1.47068e-05
8.54000e+03	3.46976e+00	1.50120e-05
8.55000e+03	3.46976e+00	1.53321e-05
8.56000e+03	3.46976e+00	1.56680e-05
8.57000e+03	3.46975e+00	1.60211e-05
8.58000e+03	3.46975e+00	1.63928e-05
8.59000e+03	3.46975e+00	1.67845e-05
8.60000e+03	3.46975e+00	1.71979e-05
8.61000e+03	3.46975e+00	1.76348e-05
8.62000e+03	3.46975e+00	1.80973e-05
8.63000e+03	3.46975e+00	1.85877e-05
8.64000e+03	3.46975e+00	1.91084e-05
8.65000e+03	3.46975e+00	1.96623e-05
8.66000e+03	3.46974e+00	2.02525e-05
8.67000e+03	3.46974e+00	2.08825e-05
8.68000e+03	3.46974e+00	2.15563e-05
8.69000e+03	3.46974e+00	2.22782e-05
8.70000e+03	3.46974e+00	2.30533e-05
8.71000e+03	3.46974e+00	2.38873e-05
8.72000e+03	3.46974e+00	2.47864e-05
8.73000e+03	3.46973e+00	2.57579e-05
8.74000e+03	3.46973e+00	2.68101e-05
8.75000e+03	3.46973e+00	2.79524e-05
8.76000e+03	3.46973e+00	2.91954e-05
8.77000e+03	3.46973e+00	3.05515e-05
8.78000e+03	3.46972e+00	3.20348e-05
8.79000e+03	3.46972e+00	3.36616e-05
8.80000e+03	3.46972e+00	3.54505e-05
8.81000e+03	3.46972e+00	3.74231e-05
8.82000e+03	3.46971e+00	3.96045e-05
8.83000e+03	3.46971e+00	4.20235e-05
8.84000e+03	3.46971e+00	4.47136e-05
8.85000e+03	3.46971e+00	4.77133e-05
8.86000e+03	3.46970e+00	5.10673e-05
8.87000e+03	3.46970e+00	5.48267e-05
8.88000e+03	3.46970e+00	5.90497e-05
8.89000e+03	3.46970e+00	6.38024e-05
8.90000e+03	3.46969e+00	6.91576e-05
8.91000e+03	3.46969e+00	7.51945e-05
8.92000e+03	3.46969e+00	8.19953e-05
8.93000e+03	3.46969e+00	8.96397e-05
8.94000e+03	3.46969e+00	9.81953e-05
8.95000e+03	3.46969e+00	1.07702e-04
8.96000e+03	3.46969e+00	1.18151e-04
8.97000e+03	3.46969e+00	1.29449e-04
8.98000e+03	3.46969e+00	1.41384e-04
8.99000e+03	3.46970e+00	1.53581e-04
9.00000e+03	3.46971e+00	1.65478e-04
9.01000e+03	3.46972e+00	1.76327e-04
9.02000e+03	3.46973e+00	1.85263e-04
9.03000e+03	3.46975e+00	1.91437e-04
9.04000e+03	3.46977e+00	1.94194e-04
9.05000e+03	3.46979e+00	1.93243e-04
9.06000e+03	3.46980e+00	1.88736e-04
9.07000e+03	3.46982e+00	1.81223e-04
9.08000e+03	3.46983e+00	1.71504e-04
9.09000e+03	3.46984e+00	1.60444e-04
9.10000e+03	3.46985e+00	1.48825e-04
9.11000e+03	3.46985e+00	1.37264e-04
9.12000e+03	3.46986e+00	1.26189e-04
9.13000e+03	3.46986e+00	1.15862e-04
9.14000e+03	3.46986e+00	1.06413e-04
9.15000e+03	3.46986e+00	9.78777e-05
9.16000e+03	3.46986e+00	9.02372e-05
9.17000e+03	3.46985e+00	8.34364e-05
9.18000e+03	3.46985e+00	7.74037e-05
9.19000e+03	3.46985e+00	7.20620e-05
9.20000e+03	3.46985e+00	6.73350e-05
9.21000e+03	3.46984e+00	6.31510e-05
9.22000e+03	3.46984e+00	5.94445e-05
9.23000e+03	3.46984e+00	5.61571e-05
9.24000e+03	3.46984e+00	5.32372e-05
9.25000e+03	3.46983e+00	5.06394e-05
9.26000e+03	3.46983e+00	4.83246e-05
9.27000e+03	3.46983e+00	4.62583e-05
9.28000e+03	3.46983e+00	4.44111e-05
9.29000e+03	3.46982e+00	4.27572e-05
9.30000e+03	3.46982e+00	4.12744e-05
9.31000e+03	3.46982e+00	3.99432e-05
9.32000e+03	3.46982e+00	3.87471e-05
9.33000e+03	3.46982e+00	3.76713e-05
9.34000e+03	3.46981e+00	3.67031e-05
9.35000e+03	3.46981e+00	3.58314e-05
9.36000e+03	3.46981e+00	3.50464e-05
9.37000e+03	3.46981e+00	3.43396e-05
9.38000e+03	3.46981e+00	3.37035e-05
9.39000e+03	3.46981e+00	3.31314e-05
9.40000e+03	3.46980e+00	3.26175e-05
9.41000e+03	3.46980e+00	3.21566e-05
9.42000e+03	3.46980e+00	3.17441e-05
9.43000e+03	3.46980e+00	3.13760e-05
9.44000e+03	3.46980e+00	3.10485e-05
9.45000e+03	3.46980e+00	3.07585e-05
9.46000e+03	3.46980e+00	3.05031e-05
9.47000e+03	3.46979e+00	3.02796e-05
9.48000e+03	3.46979e+00	3.00857e-05
9.49000e+03	3.46979e+00	2.99193e-05
9.50000e+03	3.46979e+00	2.97786e-05
9.51000e+03	3.46979e+00	2.96618e-05
9.52000e+03	3.46979e+00	2.95674e-05
9.53000e+03	3.46979e+00	2.94941e-05
9.54000e+03	3.46979e+00	2.94406e-05
9.55000e+03	3.46978e+00	2.94057e-05
9.56000e+03	3.46978e+00	2.93884e-05
9.57000e+03	3.46978e+00	2.93878e-05
9.58000e+03	3.46978e+00	2.94031e-05
9.59000e+03	3.46978e+00	2.94335e-05
9.60000e+03	3.46978e+00	2.94782e-05
9.61000e+03	3.46978e+00	2.95368e-05
9.62000e+03	3.46978e+00	2.96085e-05
9.63000e+03	3.46978e+00	2.96928e-05
9.64000e+03	3.46977e+00	2.97894e-05
9.65000e+03	3.46977e+00	2.98978e-05
9.66000e+03	3.46977e+00	3.00175e-05
9.67000e+03	3.46977e+00	3.01482e-05
9.68000e+03	3.46977e+00	3.02897e-05
9.69000e+03	3.46977e+00	3.04415e-05
9.70000e+03	3.46977e+00	3.06035e-05
9.71000e+03	3.46977e+00	3.07755e-05
9.72000e+03	3.46977e+00	3.09572e-05
9.73000e+03	3.46977e+00	3.11484e-05
9.74000e+03	3.46976e+00	3.13490e-05
9.75000e+03	3.46976e+00	3.15588e-05
9.76000e+03	3.46976e+00	3.17778e-05
9.77000e+03	3.46976e+00	3.20057e-05
9.78000e+03	3.46976e+00	3.22425e-05
9.79000e+03	3.46976e+00	3.24882e-05
9.80000e+03	3.46976e+00	3.27426e-05
9.81000e+03	3.46976e+00	3.30058e-05
9.82000e+03	3.46976e+00	3.32776e-05
9.83000e+03	3.46976e+00	3.35581e-05
9.84000e+03	3.46976e+00	3.38472e-05
9.85000e+03	3.46975e+00	3.41450e-05
9.86000e+03	3.46975e+00	3.44514e-05
9.87000e+03	3.46975e+00	3.47665e-05
9.88000e+03	3.46975e+00	3.50903e-05
9.89000e+03	3.46975e+00	3.54228e-05
9.90000e+03	3.46975e+00	3.57641e-05
9.91000e+03	3.46975e+00	3.61143e-05
9.92000e+03	3.46975e+00	3.64733e-05
9.93000e+03	3.46975e+00	3.68413e-05
9.94000e+03	3.46975e+00	3.72184e-05
9.95000e+03	3.46975e+00	3.76045e-05
9.96000e+03	3.46974e+00	3.80000e-05
9.97000e+03	3.46974e+00	3.84047e-05
9.98000e+03	3.46974e+00	3.88189e-05
9.99000e+03	3.46974e+00	3.92426e-05
1.00000e+04	3.46974e+00	3.96760e-05
1.00100e+04	3.46974e+00	4.01193e-05
1.00200e+04	3.46974e+00	4.05724e-05
1.00300e+04	3.46974e+00	4.10357e-05
1.00400e+04	3.46974e+00	4.15092e-05
1.00500e+04	3.46974e+00	4.19931e-05
1.00600e+04	3.46974e+00	4.24876e-05
1.00700e+04	3.46974e+00	4.29928e-05
1.00800e+04	3.46973e+00	4.35089e-05
1.00900e+04	3.46973e+00	4.40361e-05
1.01000e+04	3.46973e+00	4.45745e-05
1.01100e+04	3.46973e+00	4.51245e-05
1.01200e+04	3.46973e+00	4.56861e-05
1.01300e+04	3.46973e+00	4.62596e-05
1.01400e+04	3.46973e+00	4.68453e-05
1.01500e+04	3.46973e+00	4.74432e-05
1.01600e+04	3.46973e+00	4.80537e-05
1.01700e+04	3.46973e+00	4.86770e-05
1.01800e+04	3.46973e+00	4.93133e-05
1.01900e+04	3.46972e+00	4.99629e-05
1.02000e+04	3.46972e+00	5.06260e-05
1.02100e+04	3.46972e+00	5.13029e-05
1.02200e+04	3.46972e+00	5.19938e-05
1.02300e+04	3.46972e+00	5.26991e-05
1.02400e+04	3.46972e+00	5.34190e-05
1.02500e+04	3.46972e+00	5.41537e-05
1.02600e+04	3.46972e+00	5.49037e-05
1.02700e+04	3.46972e+00	5.56691e-05
1.02800e+04	3.46972e+00	5.64502e-05
1.02900e+04	3.46972e+00	5.72475e-05
1.03000e+04	3.46972e+00	5.80611e-05
1.03100e+04	3.46971e+00	5.88914e-05
1.03200e+04	3.46971e+00	5.97388e-05
1.03300e+04	3.46971e+00	6.06035e-05
1.03400e+04	3.46971e+00	6.14858e-05
1.03500e+04	3.46971e+00	6.23862e-05
1.03600e+04	3.46971e+00	6.33049e-05
1.03700e+04	3.46971e+00	6.42423e-05
1.03800e+04	3.46971e+00	6.51988e-05
1.03900e+04	3.46971e+00	6.61746e-05
1.04000e+04	3.46971e+00	6.71701e-05
1.04100e+04	3.46971e+00	6.81856e-05
1.04200e+04	3.46971e+00	6.92216e-05
1.04300e+04	3.46970e+00	7.02784e-05
1.04400e+04	3.46970e+00	7.13562e-05
1.04500e+04	3.46970e+00	7.24556e-05
1.04600e+04	3.46970e+00	7.35767e-05
1.04700e+04	3.46970e+00	7.47199e-05
1.04800e+04	3.46970e+00	7.58856e-05
1.04900e+04	3.46970e+00	7.70741e-05
1.05000e+04	3.46970e+00	7.82857e-05
1.05100e+04	3.46970e+00	7.95207e-05
1.05200e+04	3.46970e+00	8.07795e-05
1.05300e+04	3.46970e+00	8.20623e-05
1.05400e+04	3.46970e+00	8.33693e-05
1.05500e+04	3.46970e+00	8.47010e-05
1.05600e+04	3.46969e+00	8.60574e-05
1.05700e+04	3.46969e+00	8.74389e-05
1.05800e+04	3.46969e+00	8.88456e-05
1.05900e+04	3.46969e+00	9.02777e-05
1.06000e+04	3.46969e+00	9.17354e-05
1.06100e+04	3.46969e+00	9.32188e-05
1.06200e+04	3.46969e+00	9.47280e-05
1.06300e+04	3.46969e+00	9.62630e-05
1.06400e+04	3.46969e+00	9.78240e-05
1.06500e+04	3.46969e+00	9.94108e-05
1.06600e+04	3.46969e+00	1.01023e-04
1.06700e+04	3.46969e+00	1.02662e-04
1.06800e+04	3.46969e+00	1.04326e-04
1.06900e+04	3.46969e+00	1.06015e-04
1.07000e+04	3.46969e+00	1.07729e-04
1.07100e+04	3.46969e+00	1.09468e-04
1.07200e+04	3.46969e+00	1.11232e-04
1.07300e+04	3.46969e+00	1.13019e-04
1.07400e+04	3.46969e+00	1.14830e-04
1.07500e+04	3.46969e+00	1.16663e-04
1.07600e+04	3.46969e+00	1.18519e-04
1.07700e+04	3.46969e+00	1.20396e-04
1.07800e+04	3.46969e+00	1.22293e-04
1.07900e+04	3.46969e+00	1.24209e-04
1.08000e+04	3.46969e+00	1.26144e-04
1.08100e+04	3.46969e+00	1.28096e-04
1.08200e+04	3.46969e+00	1.30064e-04
1.08300e+04	3.46969e+00	1.32046e-04
1.08400e+04	3.46969e+00	1.34041e-04
1.08500e+04	3.46969e+00	1.36048e-04
1.08600e+04	3.46969e+00	1.38064e-04
1.08700e+04	3.46969e+00	1.40088e-04
1.08800e+04	3.46969e+00	1.42117e-04
1.08900e+04	3.46969e+00	1.44150e-04
1.09000e+04	3.46969e+00	1.46185e-04
1.09100e+04	3.46969e+00	1.48218e-04
1.09200e+04	3.46969e+00	1.50248e-04
1.09300e+04	3.46969e+00	1.52272e-04
1.09400e+04	3.46969e+00	1.54287e-04
1.09500e+04	3.46969e+00	1.56290e-04
1.09600e+04	3.46969e+00	1.58279e-04
1.09700e+04	3.46969e+00	1.60250e-04
1.09800e+04	3.46970e+00	1.62200e-04
1.09900e+04	3.46970e+00	1.64126e-04
1.10000e+04	3.46970e+00	1.66025e-04
1.10100e+04	3.46970e+00	1.67893e-04
1.10200e+04	3.46970e+00	1.69727e-04
1.10300e+04	3.46970e+00	1.71524e-04
1.10400e+04	3.46970e+00	1.73279e-04
1.10500e+04	3.46971e+00	1.74991e-04
1.10600e+04	3.46971e+00	1.76654e-04
1.10700e+04	3.46971e+00	1.78266e-04
1.10800e+04	3.46971e+00	1.79823e-04
1.10900e+04	3.46971e+00	1.81323e-04
1.11000e+04	3.46971e+00	1.82760e-04
1.11100e+04	3.46972e+00	1.84134e-04
1.11200e+04	3.46972e+00	1.85440e-04
1.11300e+04	3.46972e+00	1.86675e-04
1.11400e+04	3.46972e+00	1.87838e-04
1.11500e+04	3.46972e+00	1.88924e-04
1.11600e+04	3.46973e+00	1.89933e-04
1.11700e+04	3.46973e+00	1.90861e-04
1.11800e+04	3.46973e+00	1.91708e-04
1.11900e+04	3.46973e+00	1.92470e-04
1.12000e+04	3.46973e+00	1.93147e-04
1.12100e+04	3.46974e+00	1.93737e-04
1.12200e+04	3.46974e+00	1.94240e-04
1.12300e+04	3.46974e+00	1.94655e-04
1.12400e+04	3.46974e+00	1.94981e-04
1.12500e+04	3.46975e+00	1.95218e-04
1.12600e+04	3.46975e+00	1.95367e-04
1.12700e+04	3.46975e+00	1.95428e-04
1.12800e+04	3.46975e+00	1.95401e-04
1.12900e+04	3.46976e+00	1.95287e-04
1.13000e+04	3.46976e+00	1.95089e-04
1.13100e+04	3.46976e+00	1.94807e-04
1.13200e+04	3.46976e+00	1.94442e-04
1.13300e+04	3.46976e+00	1.93997e-04
1.13400e+04	3.46977e+00	1.93474e-04
1.13500e+04	3.46977e+00	1.92876e-04
1.13600e+04	3.46977e+00	1.92204e-04
1.13700e+04	3.46977e+00	1.91461e-04
1.13800e+04	3.46977e+00	1.90651e-04
1.13900e+04	3.46978e+00	1.89776e-04
1.14000e+04	3.46978e+00	1.88838e-04
1.14100e+04	3.46978e+00	1.87842e-04
1.14200e+04	3.46978e+00	1.86790e-04
1.14300e+04	3.46978e+00	1.85686e-04
1.14400e+04	3.46978e+00	1.84532e-04
1.14500e+04	3.46979e+00	1.83333e-04
1.14600e+04	3.46979e+00	1.82090e-04
1.14700e+04	3.46979e+00	1.80808e-04
1.14800e+04	3.46979e+00	1.79490e-04
1.14900e+04	3.46979e+00	1.78139e-04
1.15000e+04	3.46979e+00	1.76758e-04
1.15100e+04	3.46979e+00	1.75351e-04
1.15200e+04	3.46979e+00	1.73919e-04
1.15300e+04	3.46980e+00	1.72467e-04
1.15400e+04	3.46980e+00	1.70996e-04
1.15500e+04	3.46980e+00	1.69511e-04
1.15600e+04	3.46980e+00	1.68013e-04
1.15700e+04	3.46980e+00	1.66505e-04
1.15800e+04	3.46980e+00	1.64989e-04
1.15900e+04	3.46980e+00	1.63468e-04
1.16000e+04	3.46980e+00	1.61945e-04
1.16100e+04	3.46980e+00	1.60420e-04
1.16200e+04	3.46980e+00	1.58897e-04
1.16300e+04	3.46980e+00	1.57377e-04
1.16400e+04	3.46980e+00	1.55863e-04
1.16500e+04	3.46980e+00	1.54355e-04
1.16600e+04	3.46980e+00	1.52855e-04
1.16700e+04	3.46980e+00	1.51365e-04
1.16800e+04	3.46980e+00	1.49887e-04
1.16900e+04	3.46980e+00	1.48421e-04
1.17000e+04	3.46980e+00	1.46969e-04
1.17100e+04	3.46980e+00	1.45532e-04
1.17200e+04	3.46980e+00	1.44112e-04
1.17300e+04	3.46980e+00	1.42708e-04
1.17400e+04	3.46980e+00	1.41322e-04
1.17500e+04	3.46980e+00	1.39955e-04
1.17600e+04	3.46980e+00	1.38607e-04
1.17700e+04	3.46980e+00	1.37279e-04
1.17800e+04	3.46980e+00	1.35973e-04
1.17900e+04	3.46980e+00	1.34687e-04
1.18000e+04	3.46980e+00	1.33423e-04
1.18100e+04	3.46980e+00	1.32181e-04
1.18200e+04	3.46980e+00	1.30962e-04
1.18300e+04	3.46980e+00	1.29766e-04
1.18400e+04	3.46980e+00	1.28593e-04
1.18500e+04	3.46980e+00	1.27444e-04
1.18600e+04	3.46980e+00	1.26318e-04
1.18700e+04	3.46980e+00	1.25216e-04
1.18800e+04	3.46980e+00	1.24138e-04
1.18900e+04	3.46979e+00	1.23084e-04
1.19000e+04	3.46979e+00	1.22054e-04
1.19100e+04	3.46979e+00	1.21049e-04
1.19200e+04	3.46979e+00	1.20067e-04
1.19300e+04	3.46979e+00	1.19110e-04
1.19400e+04	3.46979e+00	1.18178e-04
1.19500e+04	3.46979e+00	1.17269e-04
1.19600e+04	3.46979e+00	1.16385e-04
1.19700e+04	3.46979e+00	1.15525e-04
1.19800e+04	3.46979e+00	1.14689e-04
1.19900e+04	3.46979e+00	1.13877e-04
1.20000e+04	3.46979e+00	1.13089e-04
1.20100e+04	3.46978e+00	1.12324e-04
1.20200e+04	3.46978e+00	1.11584e-04
1.20300e+04	3.46978e+00	1.10867e-04
1.20400e+04	3.46978e+00	1.10174e-04
1.20500e+04	3.46978e+00	1.09504e-04
1.20600e+04	3.46978e+00	1.08857e-04
1.20700e+04	3.46978e+00	1.08234e-04
1.20800e+04	3.46978e+00	1.07634e-04
1.20900e+04	3.46978e+00	1.07057e-04
1.21000e+04	3.46977e+00	1.06503e-04
1.21100e+04	3.46977e+00	1.05972e-04
1.21200e+04	3.46977e+00	1.05463e-04
1.21300e+04	3.46977e+00	1.04978e-04
1.21400e+04	3.46977e+00	1.04514e-04
1.21500e+04	3.46977e+00	1.04073e-04
1.21600e+04	3.46977e+00	1.03655e-04
1.21700e+04	3.46977e+00	1.03259e-04
1.21800e+04	3.46977e+00	1.02885e-04
1.21900e+04	3.46976e+00	1.02534e-04
1.22000e+04	3.46976e+00	1.02205e-04
1.22100e+04	3.46976e+00	1.01898e-04
1.22200e+04	3.46976e+00	1.01613e-04
1.22300e+04	3.46976e+00	1.01350e-04
1.22400e+04	3.46976e+00	1.01109e-04
1.22500e+04	3.46976e+00	1.00891e-04
1.22600e+04	3.46976e+00	1.00694e-04
1.22700e+04	3.46975e+00	1.00520e-04
1.22800e+04	3.46975e+00	1.00368e-04
1.22900e+04	3.46975e+00	1.00238e-04
1.23000e+04	3.46975e+00	1.00131e-04
1.23100e+04	3.46975e+00	1.00046e-04
1.23200e+04	3.46975e+00	9.99840e-05
1.23300e+04	3.46975e+00	9.99443e-05
1.23400e+04	3.46974e+00	9.99274e-05
1.23500e+04	3.46974e+00	9.99335e-05
1.23600e+04	3.46974e+00	9.99626e-05
1.23700e+04	3.46974e+00	1.00015e-04
1.23800e+04	3.46974e+00	1.00091e-04
1.23900e+04	3.46974e+00	1.00190e-04
1.24000e+04	3.46974e+00	1.00313e-04
1.24100e+04	3.46973e+00	1.00461e-04
1.24200e+04	3.46973e+00	1.00633e-04
1.24300e+04	3.46973e+00	1.00829e-04
1.24400e+04	3.46973e+00	1.01051e-04
1.24500e+04	3.46973e+00	1.01297e-04
1.24600e+04	3.46973e+00	1.01570e-04
1.24700e+04	3.46973e+00	1.01868e-04
1.24800e+04	3.46972e+00	1.02193e-04
1.24900e+04	3.46972e+00	1.02544e-04
1.25000e+04	3.46972e+00	1.02923e-04
1.25100e+04	3.46972e+00	1.03329e-04
1.25200e+04	3.46972e+00	1.03763e-04
1.25300e+04	3.46972e+00	1.04226e-04
1.25400e+04	3.46972e+00	1.04719e-04
1.25500e+04	3.46971e+00	1.05241e-04
1.25600e+04	3.46971e+00	1.05793e-04
1.25700e+04	3.46971e+00	1.06376e-04
1.25800e+04	3.46971e+00	1.06991e-04
1.25900e+04	3.46971e+00	1.07638e-04
1.26000e+04	3.46971e+00	1.08319e-04
1.26100e+04	3.46970e+00	1.09033e-04
1.26200e+04	3.46970e+00	1.09781e-04
1.26300e+04	3.46970e+00	1.10564e-04
1.26400e+04	3.46970e+00	1.11384e-04
1.26500e+04	3.46970e+00	1.12241e-04
1.26600e+04	3.46970e+00	1.13135e-04
1.26700e+04	3.46969e+00	1.14069e-04
1.26800e+04	3.46969e+00	1.15042e-04
1.26900e+04	3.46969e+00	1.16056e-04
1.27000e+04	3.46969e+00	1.17112e-04
1.27100e+04	3.46969e+00	1.18211e-04
1.27200e+04	3.46969e+00	1.19353e-04
1.27300e+04	3.46968e+00	1.20542e-04
1.27400e+04	3.46968e+00	1.21776e-04
1.27500e+04	3.46968e+00	1.23058e-04
1.27600e+04	3.46968e+00	1.24389e-04
1.27700e+04	3.46968e+00	1.25770e-04
1.27800e+04	3.46968e+00	1.27203e-04
1.27900e+04	3.46967e+00	1.28688e-04
1.28000e+04	3.46967e+00	1.30228e-04
1.28100e+04	3.46967e+00	1.31824e-04
1.28200e+04	3.46967e+00	1.33476e-04
1.28300e+04	3.46967e+00	1.35187e-04
1.28400e+04	3.46967e+00	1.36959e-04
1.28500e+04	3.46967e+00	1.38791e-04
1.28600e+04	3.46966e+00	1.40687e-04
1.28700e+04	3.46966e+00	1.42647e-04
1.28800e+04	3.46966e+00	1.44673e-04
1.28900e+04	3.46966e+00	1.46766e-04
1.29000e+04	3.46966e+00	1.48929e-04
1.29100e+04	3.46966e+00	1.51161e-04
1.29200e+04	3.46965e+00	1.53465e-04
1.29300e+04	3.46965e+00	1.55841e-04
1.29400e+04	3.46965e+00	1.58291e-04
1.29500e+04	3.46965e+00	1.60816e-04
1.29600e+04	3.46965e+00	1.63418e-04
1.29700e+04	3.46965e+00	1.66095e-04
1.29800e+04	3.46965e+00	1.68851e-04
1.29900e+04	3.46965e+00	1.71683e-04
1.30000e+04	3.46965e+00	1.74594e-04
1.30100e+04	3.46964e+00	1.77583e-04
1.30200e+04	3.46964e+00	1.80649e-04
1.30300e+04	3.46964e+00	1.83793e-04
1.30400e+04	3.46964e+00	1.87012e-04
1.30500e+04	3.46964e+00	1.90306e-04
1.30600e+04	3.46964e+00	1.93672e-04
1.30700e+04	3.46964e+00	1.97110e-04
1.30800e+04	3.46964e+00	2.00614e-04
1.30900e+04	3.46964e+00	2.04183e-04
1.31000e+04	3.46964e+00	2.07812e-04
1.31100e+04	3.46964e+00	2.11496e-04
1.31200e+04	3.46964e+00	2.15231e-04
1.31300e+04	3.46964e+00	2.19010e-04
1.31400e+04	3.46964e+00	2.22825e-04
1.31500e+04	3.46964e+00	2.26671e-04
1.31600e+04	3.46964e+00	2.30537e-04
1.31700e+04	3.46964e+00	2.34414e-04
1.31800e+04	3.46965e+00	2.38293e-04
1.31900e+04	3.46965e+00	2.42162e-04
1.32000e+04	3.46965e+00	2.46009e-04
1.32100e+04	3.46965e+00	2.49822e-04
1.32200e+04	3.46965e+00	2.53587e-04
1.32300e+04	3.46965e+00	2.57290e-04
1.32400e+04	3.46966e+00	2.60916e-04
1.32500e+04	3.46966e+00	2.64449e-04
1.32600e+04	3.46966e+00	2.67875e-04
1.32700e+04	3.46967e+00	2.71178e-04
1.32800e+04	3.46967e+00	2.74341e-04
1.32900e+04	3.46967e+00	2.77348e-04
1.33000e+04	3.46968e+00	2.80185e-04
1.33100e+04	3.46968e+00	2.82835e-04
1.33200e+04	3.46968e+00	2.85285e-04
1.33300e+04	3.46969e+00	2.87521e-04
1.33400e+04	3.46969e+00	2.89530e-04
1.33500e+04	3.46970e+00	2.91302e-04
1.33600e+04	3.46970e+00	2.92825e-04
1.33700e+04	3.46971e+00	2.94094e-04
1.33800e+04	3.46971e+00	2.95100e-04
1.33900e+04	3.46971e+00	2.95839e-04
1.34000e+04	3.46972e+00	2.96309e-04
1.34100e+04	3.46972e+00	2.96509e-04
1.34200e+04	3.46973e+00	2.96440e-04
1.34300e+04	3.46973e+00	2.96105e-04
1.34400e+04	3.46974e+00	2.95510e-04
1.34500e+04	3.46974e+00	2.94660e-04
1.34600e+04	3.46975e+00	2.93565e-04
1.34700e+04	3.46975e+00	2.92234e-04
1.34800e+04	3.46975e+00	2.90679e-04
1.34900e+04	3.46976e+00	2.88913e-04
1.35000e+04	3.46976e+00	2.86947e-04
1.35100e+04	3.46977e+00	2.84798e-04
1.35200e+04	3.46977e+00	2.82478e-04
1.35300e+04	3.46977e+00	2.80005e-04
1.35400e+04	3.46978e+00	2.77392e-04
1.35500e+04	3.46978e+00	2.74656e-04
1.35600e+04	3.46978e+00	2.71811e-04
1.35700e+04	3.46978e+00	2.68872e-04
1.35800e+04	3.46979e+00	2.65855e-04
1.35900e+04	3.46979e+00	2.62772e-04
1.36000e+04	3.46979e+00	2.59638e-04
1.36100e+04	3.46979e+00	2.56465e-04
1.36200e+04	3.46979e+00	2.53266e-04
1.36300e+04	3.46979e+00	2.50051e-04
1.36400e+04	3.46980e+00	2.46831e-04
1.36500e+04	3.46980e+00	2.43616e-04
1.36600e+04	3.46980e+00	2.40414e-04
1.36700e+04	3.46980e+00	2.37234e-04
1.36800e+04	3.46980e+00	2.34084e-04
1.36900e+04	3.46980e+00	2.30969e-04
1.37000e+04	3.46980e+00	2.27896e-04
1.37100e+04	3.46980e+00	2.24870e-04
1.37200e+04	3.46980e+00	2.21896e-04
1.37300e+04	3.46980e+00	2.18977e-04
1.37400e+04	3.46980e+00	2.16117e-04
1.37500e+04	3.46980e+00	2.13319e-04
1.37600e+04	3.46980e+00	2.10585e-04
1.37700e+04	3.46980e+00	2.07917e-04
1.37800e+04	3.46979e+00	2.05318e-04
1.37900e+04	3.46979e+00	2.02787e-04
1.38000e+04	3.46979e+00	2.00326e-04
1.38100e+04	3.46979e+00	1.97936e-04
1.38200e+04	3.46979e+00	1.95616e-04
1.38300e+04	3.46979e+00	1.93367e-04
1.38400e+04	3.46979e+00	1.91189e-04
1.38500e+04	3.46979e+00	1.89081e-04
1.38600e+04	3.46979e+00	1.87043e-04
1.38700e+04	3.46978e+00	1.85075e-04
1.38800e+04	3.46978e+00	1.83175e-04
1.38900e+04	3.46978e+00	1.81343e-04
1.39000e+04	3.46978e+00	1.79577e-04
1.39100e+04	3.46978e+00	1.77877e-04
1.39200e+04	3.46978e+00	1.76242e-04
1.39300e+04	3.46977e+00	1.74671e-04
1.39400e+04	3.46977e+00	1.73162e-04
1.39500e+04	3.46977e+00	1.71714e-04
1.39600e+04	3.46977e+00	1.70326e-04
1.39700e+04	3.46977e+00	1.68998e-04
1.39800e+04	3.46977e+00	1.67726e-04
1.39900e+04	3.46976e+00	1.66512e-04
1.40000e+04	3.46976e+00	1.65352e-04
1.40100e+04	3.46976e+00	1.64247e-04
1.40200e+04	3.46976e+00	1.63195e-04
1.40300e+04	3.46976e+00	1.62194e-04
1.40400e+04	3.46975e+00	1.61244e-04
1.40500e+04	3.46975e+00	1.60344e-04
1.40600e+04	3.46975e+00	1.59492e-04
1.40700e+04	3.46975e+00	1.58687e-04
1.40800e+04	3.46975e+00	1.57928e-04
1.40900e+04	3.46974e+00	1.57215e-04
1.41000e+04	3.46974e+00	1.56546e-04
1.41100e+04	3.46974e+00	1.55921e-04
1.41200e+04	3.46974e+00	1.55338e-04
1.41300e+04	3.46974e+00	1.54796e-04
1.41400e+04	3.46973e+00	1.54295e-04
1.41500e+04	3.46973e+00	1.53834e-04
1.41600e+04	3.46973e+00	1.53412e-04
1.41700e+04	3.46973e+00	1.53029e-04
1.41800e+04	3.46973e+00	1.52683e-04
1.41900e+04	3.46972e+00	1.52373e-04
1.42000e+04	3.46972e+00	1.52100e-04
1.42100e+04	3.46972e+00	1.51862e-04
1.42200e+04	3.46972e+00	1.51659e-04
1.42300e+04	3.46972e+00	1.51491e-04
1.42400e+04	3.46971e+00	1.51356e-04
1.42500e+04	3.46971e+00	1.51254e-04
1.42600e+04	3.46971e+00	1.51185e-04
1.42700e+04	3.46971e+00	1.51148e-04
1.42800e+04	3.46970e+00	1.51142e-04
1.42900e+04	3.46970e+00	1.51168e-04
1.43000e+04	3.46970e+00	1.51225e-04
1.43100e+04	3.46970e+00	1.51311e-04
1.43200e+04	3.46970e+00	1.51428e-04
1.43300e+04	3.46969e+00	1.51575e-04
1.43400e+04	3.46969e+00	1.51751e-04
1.43500e+04	3.46969e+00	1.51955e-04
1.43600e+04	3.46969e+00	1.52189e-04
1.43700e+04	3.46968e+00	1.52451e-04
1.43800e+04	3.46968e+00	1.52741e-04
1.43900e+04	3.46968e+00	1.53059e-04
1.44000e+04	3.46968e+00	1.53405e-04
1.44100e+04	3.46968e+00	1.53778e-04
1.44200e+04	3.46967e+00	1.54179e-04
1.44300e+04	3.46967e+00	1.54607e-04
1.44400e+04	3.46967e+00	1.55062e-04
1.44500e+04	3.46967e+00	1.55544e-04
1.44600e+04	3.46966e+00	1.56053e-04
1.44700e+04	3.46966e+00	1.56588e-04
1.44800e+04	3.46966e+00	1.57150e-04
1.44900e+04	3.46966e+00	1.57739e-04
1.45000e+04	3.46966e+00	1.58355e-04
1.45100e+04	3.46965e+00	1.58997e-04
1.45200e+04	3.46965e+00	1.59665e-04
1.45300e+04	3.46965e+00	1.60361e-04
1.45400e+04	3.46965e+00	1.61082e-04
1.45500e+04	3.46964e+00	1.61831e-04
1.45600e+04	3.46964e+00	1.62606e-04
1.45700e+04	3.46964e+00	1.63408e-04
1.45800e+04	3.46964e+00	1.64236e-04
1.45900e+04	3.46964e+00	1.65092e-04
1.46000e+04	3.46963e+00	1.65975e-04
1.46100e+04	3.46963e+00	1.66884e-04
1.46200e+04	3.46963e+00	1.67821e-04
1.46300e+04	3.46963e+00	1.68786e-04
1.46400e+04	3.46962e+00	1.69778e-04
1.46500e+04	3.46962e+00	1.70798e-04
1.46600e+04	3.46962e+00	1.71846e-04
1.46700e+04	3.46962e+00	1.72922e-04
1.46800e+04	3.46961e+00	1.74027e-04
1.46900e+04	3.46961e+00	1.75160e-04
1.47000e+04	3.46961e+00	1.76322e-04
1.47100e+04	3.46961e+00	1.77513e-04
1.47200e+04	3.46960e+00	1.78734e-04
1.47300e+04	3.46960e+00	1.79984e-04
1.47400e+04	3.46960e+00	1.81264e-04
1.47500e+04	3.46960e+00	1.82575e-04
1.47600e+04	3.46959e+00	1.83917e-04
1.47700e+04	3.46959e+00	1.85289e-04
1.47800e+04	3.46959e+00	1.86693e-04
1.47900e+04	3.46959e+00	1.88129e-04
1.48000e+04	3.46958e+00	1.89597e-04
1.48100e+04	3.46958e+00	1.91098e-04
1.48200e+04	3.46958e+00	1.92631e-04
1.48300e+04	3.46958e+00	1.94198e-04
1.48400e+04	3.46957e+00	1.95799e-04
1.48500e+04	3.46957e+00	1.97435e-04
1.48600e+04	3.46957e+00	1.99105e-04
1.48700e+04	3.46957e+00	2.00810e-04
1.48800e+04	3.46956e+00	2.02552e-04
1.48900e+04	3.46956e+00	2.04330e-04
1.49000e+04	3.46956e+00	2.06145e-04
1.49100e+04	3.46956e+00	2.07997e-04
1.49200e+04	3.46955e+00	2.09888e-04
1.49300e+04	3.46955e+00	2.11817e-04
1.49400e+04	3.46955e+00	2.13786e-04
1.49500e+04	3.46955e+00	2.15795e-04
1.49600e+04	3.46954e+00	2.17844e-04
1.49700e+04	3.46954e+00	2.19935e-04
1.49800e+04	3.46954e+00	2.22068e-04
1.49900e+04	3.46953e+00	2.24244e-04
1.50000e+04	3.46953e+00	2.26463e-04
1.50100e+04	3.46953e+00	2.28726e-04
1.50200e+04	3.46953e+00	2.31035e-04
1.50300e+04	3.46952e+00	2.33389e-04
1.50400e+04	3.46952e+00	2.35790e-04
1.50500e+04	3.46952e+00	2.38238e-04
1.50600e+04	3.46952e+00	2.40735e-04
1.50700e+04	3.46951e+00	2.43281e-04
1.50800e+04	3.46951e+00	2.45877e-04
1.50900e+04	3.46951e+00	2.48524e-04
1.51000e+04	3.46950e+00	2.51223e-04
1.51100e+04	3.46950e+00	2.53975e-04
1.51200e+04	3.46950e+00	2.56782e-04
1.51300e+04	3.46950e+00	2.59643e-04
1.51400e+04	3.46949e+00	2.62560e-04
1.51500e+04	3.46949e+00	2.65534e-04
1.51600e+04	3.46949e+00	2.68566e-04
1.51700e+04	3.46948e+00	2.71658e-04
1.51800e+04	3.46948e+00	2.74810e-04
1.51900e+04	3.46948e+00	2.78024e-04
1.52000e+04	3.46948e+00	2.81301e-04
1.52100e+04	3.46947e+00	2.84641e-04
1.52200e+04	3.46947e+00	2.88047e-04
1.52300e+04	3.46947e+00	2.91520e-04
1.52400e+04	3.46946e+00	2.95060e-04
1.52500e+04	3.46946e+00	2.98669e-04
1.52600e+04	3.46946e+00	3.02349e-04
1.52700e+04	3.46946e+00	3.06101e-04
1.52800e+04	3.46945e+00	3.09926e-04
1.52900e+04	3.46945e+00	3.13826e-04
1.53000e+04	3.46945e+00	3.17801e-04
1.53100e+04	3.46944e+00	3.21855e-04
1.53200e+04	3.46944e+00	3.25988e-04
1.53300e+04	3.46944e+00	3.30201e-04
1.53400e+04	3.46944e+00	3.34497e-04
1.53500e+04	3.46943e+00	3.38876e-04
1.53600e+04	3.46943e+00	3.43341e-04
1.53700e+04	3.46943e+00	3.47893e-04
1.53800e+04	3.46942e+00	3.52534e-04
1.53900e+04	3.46942e+00	3.57265e-04
1.54000e+04	3.46942e+00	3.62088e-04
1.54100e+04	3.46942e+00	3.67005e-04
1.54200e+04	3.46941e+00	3.72017e-04
1.54300e+04	3.46941e+00	3.77127e-04
1.54400e+04	3.46941e+00	3.82336e-04
1.54500e+04	3.46941e+00	3.87646e-04
1.54600e+04	3.46940e+00	3.93058e-04
1.54700e+04	3.46940e+00	3.98575e-04
1.54800e+04	3.46940e+00	4.04198e-04
1.54900e+04	3.46939e+00	4.09930e-04
1.55000e+04	3.46939e+00	4.15771e-04
1.55100e+04	3.46939e+00	4.21724e-04
1.55200e+04	3.46939e+00	4.27790e-04
1.55300e+04	3.46938e+00	4.33972e-04
1.55400e+04	3.46938e+00	4.40271e-04
1.55500e+04	3.46938e+00	4.46689e-04
1.55600e+04	3.46938e+00	4.53228e-04
1.55700e+04	3.46938e+00	4.59889e-04
1.55800e+04	3.46937e+00	4.66674e-04
1.55900e+04	3.46937e+00	4.73585e-04
1.56000e+04	3.46937e+00	4.80624e-04
1.56100e+04	3.46937e+00	4.87792e-04
1.56200e+04	3.46936e+00	4.95090e-04
1.56300e+04	3.46936e+00	5.02521e-04
1.56400e+04	3.46936e+00	5.10085e-04
1.56500e+04	3.46936e+00	5.17784e-04
1.56600e+04	3.46936e+00	5.25619e-04
1.56700e+04	3.46936e+00	5.33590e-04
1.56800e+04	3.46935e+00	5.41701e-04
1.56900e+04	3.46935e+00	5.49950e-04
1.57000e+04	3.46935e+00	5.58339e-04
1.57100e+04	3.46935e+00	5.66868e-04
1.57200e+04	3.46935e+00	5.75539e-04
1.57300e+04	3.46935e+00	5.84351e-04
1.57400e+04	3.46935e+00	5.93304e-04
1.57500e+04	3.46935e+00	6.02398e-04
1.57600e+04	3.46935e+00	6.11634e-04
1.57700e+04	3.46935e+00	6.21009e-04
1.57800e+04	3.46935e+00	6.30525e-04
1.57900e+04	3.46935e+00	6.40179e-04
1.58000e+04	3.46935e+00	6.49970e-04
1.58100e+04	3.46935e+00	6.59897e-04
1.58200e+04	3.46935e+00	6.69958e-04
1.58300e+04	3.46935e+00	6.80150e-04
1.58400e+04	3.46935e+00	6.90471e-04
1.58500e+04	3.46935e+00	7.00918e-04
1.58600e+04	3.46935e+00	7.11487e-04
1.58700e+04	3.46935e+00	7.22174e-04
1.58800e+04	3.46936e+00	7.32976e-04
1.58900e+04	3.46936e+00	7.43886e-04
1.59000e+04	3.46936e+00	7.54901e-04
1.59100e+04	3.46936e+00	7.66015e-04
1.59200e+04	3.46937e+00	7.77220e-04
1.59300e+04	3.46937e+00	7.88511e-04
1.59400e+04	3.46937e+00	7.99879e-04
1.59500e+04	3.46938e+00	8.11318e-04
1.59600e+04	3.46938e+00	8.22818e-04
1.59700e+04	3.46939e+00	8.34370e-04
1.59800e+04	3.46939e+00	8.45964e-04
1.59900e+04	3.46940e+00	8.57591e-04
1.60000e+04	3.46940e+00	8.69239e-04
1.60100e+04	3.46941e+00	8.80896e-04
1.60200e+04	3.46941e+00	8.92550e-04
1.60300e+04	3.46942e+00	9.04189e-04
1.60400e+04	3.46943e+00	9.15798e-04
1.60500e+04	3.46943e+00	9.27364e-04
1.60600e+04	3.46944e+00	9.38872e-04
1.60700e+04	3.46945e+00	9.50307e-04
1.60800e+04	3.46946e+00	9.61652e-04
1.60900e+04	3.46947e+00	9.72892e-04
1.61000e+04	3.46948e+00	9.84010e-04
1.61100e+04	3.46949e+00	9.94988e-04
1.61200e+04	3.46950e+00	1.00581e-03
1.61300e+04	3.46951e+00	1.01645e-03
1.61400e+04	3.46952e+00	1.02691e-03
1.61500e+04	3.46953e+00	1.03715e-03
1.61600e+04	3.46954e+00	1.04715e-03
1.61700e+04	3.46955e+00	1.05691e-03
1.61800e+04	3.46956e+00	1.06641e-03
1.61900e+04	3.46958e+00	1.07561e-03
1.62000e+04	3.46959e+00	1.08451e-03
1.62100e+04	3.46960e+00	1.09309e-03
1.62200e+04	3.46962e+00	1.10132e-03
1.62300e+04	3.46963e+00	1.10920e-03
1.62400e+04	3.46964e+00	1.11669e-03
1.62500e+04	3.46966e+00	1.12380e-03
1.62600e+04	3.46967e+00	1.13050e-03
1.62700e+04	3.46969e+00	1.13678e-03
1.62800e+04	3.46970e+00	1.14262e-03
1.62900e+04	3.46972e+00	1.14801e-03
1.63000e+04	3.46973e+00	1.15294e-03
1.63100e+04	3.46975e+00	1.15740e-03
1.63200e+04	3.46977e+00	1.16137e-03
1.63300e+04	3.46978e+00	1.16486e-03
1.63400e+04	3.46980e+00	1.16785e-03
1.63500e+04	3.46981e+00	1.17033e-03
1.63600e+04	3.46983e+00	1.17231e-03
1.63700e+04	3.46985e+00	1.17378e-03
1.63800e+04	3.46986e+00	1.17474e-03
1.63900e+04	3.46988e+00	1.17519e-03
1.64000e+04	3.46990e+00	1.17512e-03
1.64100e+04	3.46991e+00	1.17455e-03
1.64200e+04	3.46993e+00	1.17347e-03
1.64300e+04	3.46995e+00	1.17190e-03
1.64400e+04	3.46996e+00	1.16984e-03
1.64500e+04	3.46998e+00	1.16729e-03
1.64600e+04	3.46999e+00	1.16427e-03
1.64700e+04	3.47001e+00	1.16079e-03
1.64800e+04	3.47003e+00	1.15686e-03
1.64900e+04	3.47004e+00	1.15248e-03
1.65000e+04	3.47006e+00	1.14768e-03
1.65100e+04	3.47007e+00	1.14247e-03
1.65200e+04	3.47009e+00	1.13687e-03
1.65300e+04	3.47010e+00	1.13088e-03
1.65400e+04	3.47011e+00	1.12453e-03
1.65500e+04	3.47013e+00	1.11783e-03
1.65600e+04	3.47014e+00	1.11080e-03
1.65700e+04	3.47015e+00	1.10346e-03
1.65800e+04	3.47017e+00	1.09582e-03
1.65900e+04	3.47018e+00	1.08791e-03
1.66000e+04	3.47019e+00	1.07973e-03
1.66100e+04	3.47020e+00	1.07131e-03
1.66200e+04	3.47021e+00	1.06267e-03
1.66300e+04	3.47023e+00	1.05382e-03
1.66400e+04	3.47024e+00	1.04478e-03
1.66500e+04	3.47025e+00	1.03557e-03
1.66600e+04	3.47026e+00	1.02620e-03
1.66700e+04	3.47027e+00	1.01669e-03
1.66800e+04	3.47027e+00	1.00706e-03
1.66900e+04	3.47028e+00	9.97322e-04
1.67000e+04	3.47029e+00	9.87490e-04
1.67100e+04	3.47030e+00	9.77579e-04
1.67200e+04	3.47031e+00	9.67604e-04
1.67300e+04	3.47032e+00	9.57578e-04
1.67400e+04	3.47032e+00	9.47514e-04
1.67500e+04	3.47033e+00	9.37424e-04
1.67600e+04	3.47034e+00	9.27320e-04
1.67700e+04	3.47034e+00	9.17213e-04
1.67800e+04	3.47035e+00	9.07114e-04
1.67900e+04	3.47035e+00	8.97033e-04
1.68000e+04	3.47036e+00	8.86979e-04
1.68100e+04	3.47036e+00	8.76961e-04
1.68200e+04	3.47037e+00	8.66988e-04
1.68300e+04	3.47037e+00	8.57067e-04
1.68400e+04	3.47038e+00	8.47205e-04
1.68500e+04	3.47038e+00	8.37411e-04
1.68600e+04	3.47038e+00	8.27688e-04
1.68700e+04	3.47039e+00	8.18045e-04
1.68800e+04	3.47039e+00	8.08486e-04
1.68900e+04	3.47039e+00	7.99015e-04
1.69000e+04	3.47039e+00	7.89638e-04
1.69100e+04	3.47040e+00	7.80358e-04
1.69200e+04	3.47040e+00	7.71180e-04
1.69300e+04	3.47040e+00	7.62106e-04
1.69400e+04	3.47040e+00	7.53139e-04
1.69500e+04	3.47040e+00	7.44283e-04
1.69600e+04	3.47041e+00	7.35539e-04
1.69700e+04	3.47041e+00	7.26910e-04
1.69800e+04	3.47041e+00	7.18397e-04
1.69900e+04	3.47041e+00	7.10002e-04
1.70000e+04	3.47041e+00	7.01726e-04
1.70100e+04	3.47041e+00	6.93570e-04
1.70200e+04	3.47041e+00	6.85534e-04
1.70300e+04	3.47041e+00	6.77620e-04
1.70400e+04	3.47041e+00	6.69828e-04
1.70500e+04	3.47041e+00	6.62158e-04
1.70600e+04	3.47041e+00	6.54609e-04
1.70700e+04	3.47041e+00	6.47183e-04
1.70800e+04	3.47041e+00	6.39878e-04
1.70900e+04	3.47041e+00	6.32694e-04
1.71000e+04	3.47041e+00	6.25631e-04
1.71100e+04	3.47041e+00	6.18688e-04
1.71200e+04	3.47041e+00	6.11864e-04
1.71300e+04	3.47041e+00	6.05159e-04
1.71400e+04	3.47041e+00	5.98571e-04
1.71500e+04	3.47041e+00	5.92101e-04
1.71600e+04	3.47040e+00	5.85745e-04
1.71700e+04	3.47040e+00	5.79505e-04
1.71800e+04	3.47040e+00	5.73377e-04
1.71900e+04	3.47040e+00	5.67362e-04
1.72000e+04	3.47040e+00	5.61458e-04
1.72100e+04	3.47040e+00	5.55663e-04
1.72200e+04	3.47040e+00	5.49976e-04
1.72300e+04	3.47040e+00	5.44397e-04
1.72400e+04	3.47039e+00	5.38923e-04
1.72500e+04	3.47039e+00	5.33553e-04
1.72600e+04	3.47039e+00	5.28285e-04
1.72700e+04	3.47039e+00	5.23119e-04
1.72800e+04	3.47039e+00	5.18053e-04
1.72900e+04	3.47039e+00	5.13085e-04
1.73000e+04	3.47038e+00	5.08214e-04
1.73100e+04	3.47038e+00	5.03439e-04
1.73200e+04	3.47038e+00	4.98757e-04
1.73300e+04	3.47038e+00	4.94168e-04
1.73400e+04	3.47038e+00	4.89670e-04
1.73500e+04	3.47037e+00	4.85262e-04
1.73600e+04	3.47037e+00	4.80942e-04
1.73700e+04	3.47037e+00	4.76709e-04
1.73800e+04	3.47037e+00	4.72561e-04
1.73900e+04	3.47037e+00	4.68497e-04
1.74000e+04	3.47037e+00	4.64516e-04
1.74100e+04	3.47036e+00	4.60616e-04
1.74200e+04	3.47036e+00	4.56796e-04
1.74300e+04	3.47036e+00	4.53054e-04
1.74400e+04	3.47036e+00	4.49390e-04
1.74500e+04	3.47036e+00	4.45801e-04
1.74600e+04	3.47035e+00	4.42287e-04
1.74700e+04	3.47035e+00	4.38846e-04
1.74800e+04	3.47035e+00	4.35477e-04
1.74900e+04	3.47035e+00	4.32179e-04
1.75000e+04	3.47034e+00	4.28951e-04
1.75100e+04	3.47034e+00	4.25791e-04
1.75200e+04	3.47034e+00	4.22697e-04
1.75300e+04	3.47034e+00	4.19671e-04
1.75400e+04	3.47034e+00	4.16709e-04
1.75500e+04	3.47033e+00	4.13810e-04
1.75600e+04	3.47033e+00	4.10974e-04
1.75700e+04	3.47033e+00	4.08200e-04
1.75800e+04	3.47033e+00	4.05486e-04
1.75900e+04	3.47033e+00	4.02832e-04
1.76000e+04	3.47032e+00	4.00236e-04
1.76100e+04	3.47032e+00	3.97697e-04
1.76200e+04	3.47032e+00	3.95214e-04
1.76300e+04	3.47032e+00	3.92787e-04
1.76400e+04	3.47032e+00	3.90415e-04
1.76500e+04	3.47031e+00	3.88095e-04
1.76600e+04	3.47031e+00	3.85829e-04
1.76700e+04	3.47031e+00	3.83614e-04
1.76800e+04	3.47031e+00	3.81449e-04
1.76900e+04	3.47031e+00	3.79335e-04
1.77000e+04	3.47030e+00	3.77270e-04
1.77100e+04	3.47030e+00	3.75252e-04
1.77200e+04	3.47030e+00	3.73282e-04
1.77300e+04	3.47030e+00	3.71359e-04
1.77400e+04	3.47030e+00	3.69481e-04
1.77500e+04	3.47029e+00	3.67648e-04
1.77600e+04	3.47029e+00	3.65860e-04
1.77700e+04	3.47029e+00	3.64115e-04
1.77800e+04	3.47029e+00	3.62412e-04
1.77900e+04	3.47029e+00	3.60752e-04
1.78000e+04	3.47029e+00	3.59132e-04
1.78100e+04	3.47028e+00	3.57554e-04
1.78200e+04	3.47028e+00	3.56015e-04
1.78300e+04	3.47028e+00	3.54516e-04
1.78400e+04	3.47028e+00	3.53055e-04
1.78500e+04	3.47028e+00	3.51632e-04
1.78600e+04	3.47027e+00	3.50247e-04
1.78700e+04	3.47027e+00	3.48898e-04
1.78800e+04	3.47027e+00	3.47585e-04
1.78900e+04	3.47027e+00	3.46308e-04
1.79000e+04	3.47027e+00	3.45066e-04
1.79100e+04	3.47027e+00	3.43858e-04
1.79200e+04	3.47026e+00	3.42684e-04
1.79300e+04	3.47026e+00	3.41543e-04
1.79400e+04	3.47026e+00	3.40435e-04
1.79500e+04	3.47026e+00	3.39359e-04
1.79600e+04	3.47026e+00	3.38314e-04
1.79700e+04	3.47026e+00	3.37301e-04
1.79800e+04	3.47025e+00	3.36319e-04
1.79900e+04	3.47025e+00	3.35366e-04
1.80000e+04	3.47025e+00	3.34444e-04
1.80100e+04	3.47025e+00	3.33550e-04
1.80200e+04	3.47025e+00	3.32686e-04
1.80300e+04	3.47025e+00	3.31849e-04
1.80400e+04	3.47024e+00	3.31041e-04
1.80500e+04	3.47024e+00	3.30259e-04
1.80600e+04	3.47024e+00	3.29505e-04
1.80700e+04	3.47024e+00	3.28777e-04
1.80800e+04	3.47024e+00	3.28076e-04
1.80900e+04	3.47024e+00	3.27400e-04
1.81000e+04	3.47024e+00	3.26749e-04
1.81100e+04	3.47023e+00	3.26123e-04
1.81200e+04	3.47023e+00	3.25522e-04
1.81300e+04	3.47023e+00	3.24944e-04
1.81400e+04	3.47023e+00	3.24391e-04
1.81500e+04	3.47023e+00	3.23860e-04
1.81600e+04	3.47023e+00	3.23353e-04
1.81700e+04	3.47023e+00	3.22868e-04
1.81800e+04	3.47022e+00	3.22406e-04
1.81900e+04	3.47022e+00	3.21965e-04
1.82000e+04	3.47022e+00	3.21546e-04
1.82100e+04	3.47022e+00	3.21147e-04
1.82200e+04	3.47022e+00	3.20770e-04
1.82300e+04	3.47022e+00	3.20413e-04
1.82400e+04	3.47022e+00	3.20077e-04
1.82500e+04	3.47022e+00	3.19760e-04
1.82600e+04	3.47021e+00	3.19462e-04
1.82700e+04	3.47021e+00	3.19184e-04
1.82800e+04	3.47021e+00	3.18924e-04
1.82900e+04	3.47021e+00	3.18683e-04
1.83000e+04	3.47021e+00	3.18461e-04
1.83100e+04	3.47021e+00	3.18255e-04
1.83200e+04	3.47021e+00	3.18068e-04
1.83300e+04	3.47021e+00	3.17898e-04
1.83400e+04	3.47021e+00	3.17745e-04
1.83500e+04	3.47020e+00	3.17608e-04
1.83600e+04	3.47020e+00	3.17488e-04
1.83700e+04	3.47020e+00	3.17384e-04
1.83800e+04	3.47020e+00	3.17296e-04
1.83900e+04	3.47020e+00	3.17223e-04
1.84000e+04	3.47020e+00	3.17165e-04
1.84100e+04	3.47020e+00	3.17122e-04
1.84200e+04	3.47020e+00	3.17094e-04
1.84300e+04	3.47020e+00	3.17080e-04
1.84400e+04	3.47020e+00	3.17081e-04
1.84500e+04	3.47019e+00	3.17095e-04
1.84600e+04	3.47019e+00	3.17122e-04
1.84700e+04	3.47019e+00	3.17163e-04
1.84800e+04	3.47019e+00	3.17217e-04
1.84900e+04	3.47019e+00	3.17283e-04
1.85000e+04	3.47019e+00	3.17362e-04
1.85100e+04	3.47019e+00	3.17453e-04
1.85200e+04	3.47019e+00	3.17556e-04
1.85300e+04	3.47019e+00	3.17670e-04
1.85400e+04	3.47019e+00	3.17796e-04
1.85500e+04	3.47019e+00	3.17933e-04
1.85600e+04	3.47019e+00	3.18080e-04
1.85700e+04	3.47019e+00	3.18238e-04
1.85800e+04	3.47018e+00	3.18407e-04
1.85900e+04	3.47018e+00	3.18585e-04
1.86000e+04	3.47018e+00	3.18773e-04
1.86100e+04	3.47018e+00	3.18971e-04
1.86200e+04	3.47018e+00	3.19178e-04
1.86300e+04	3.47018e+00	3.19393e-04
1.86400e+04	3.47018e+00	3.19618e-04
1.86500e+04	3.47018e+00	3.19851e-04
1.86600e+04	3.47018e+00	3.20092e-04
1.86700e+04	3.47018e+00	3.20341e-04
1.86800e+04	3.47018e+00	3.20597e-04
1.86900e+04	3.47018e+00	3.20861e-04
1.87000e+04	3.47018e+00	3.21132e-04
1.87100e+04	3.47018e+00	3.21410e-04
1.87200e+04	3.47018e+00	3.21695e-04
1.87300e+04	3.47018e+00	3.21986e-04
1.87400e+04	3.47018e+00	3.22283e-04
1.87500e+04	3.47018e+00	3.22585e-04
1.87600e+04	3.47018e+00	3.22894e-04
1.87700e+04	3.47018e+00	3.23208e-04
1.87800e+04	3.47017e+00	3.23526e-04
1.87900e+04	3.47017e+00	3.23850e-04
1.88000e+04	3.47017e+00	3.24178e-04
1.88100e+04	3.47017e+00	3.24510e-04
1.88200e+04	3.47017e+00	3.24847e-04
1.88300e+04	3.47017e+00	3.25187e-04
1.88400e+04	3.47017e+00	3.25531e-04
1.88500e+04	3.47017e+00	3.25878e-04
1.88600e+04	3.47017e+00	3.26228e-04
1.88700e+04	3.47017e+00	3.26580e-04
1.88800e+04	3.47017e+00	3.26935e-04
1.88900e+04	3.47017e+00	3.27293e-04
1.89000e+04	3.47017e+00	3.27652e-04
1.89100e+04	3.47017e+00	3.28013e-04
1.89200e+04	3.47017e+00	3.28376e-04
1.89300e+04	3.47017e+00	3.28740e-04
1.89400e+04	3.47017e+00	3.29105e-04
1.89500e+04	3.47017e+00	3.29470e-04
1.89600e+04	3.47017e+00	3.29836e-04
1.89700e+04	3.47017e+00	3.30202e-04
1.89800e+04	3.47017e+00	3.30568e-04
1.89900e+04	3.47017e+00	3.30934e-04
1.90000e+04	3.47017e+00	3.31300e-04
1.90100e+04	3.47017e+00	3.31664e-04
1.90200e+04	3.47017e+00	3.32027e-04
1.90300e+04	3.47017e+00	3.32390e-04
1.90400e+04	3.47017e+00	3.32750e-04
1.90500e+04	3.47017e+00	3.33109e-04
1.90600e+04	3.47017e+00	3.33466e-04
1.90700e+04	3.47017e+00	3.33821e-04
1.90800e+04	3.47017e+00	3.34173e-04
1.90900e+04	3.47017e+00	3.34522e-04
1.91000e+04	3.47017e+00	3.34868e-04
1.91100e+04	3.47017e+00	3.35212e-04
1.91200e+04	3.47017e+00	3.35551e-04
1.91300e+04	3.47017e+00	3.35887e-04
1.91400e+04	3.47017e+00	3.36219e-04
1.91500e+04	3.47017e+00	3.36547e-04
1.91600e+04	3.47017e+00	3.36871e-04
1.91700e+04	3.47018e+00	3.37190e-04
1.91800e+04	3.47018e+00	3.37504e-04
1.91900e+04	3.47018e+00	3.37813e-04
1.92000e+04	3.47018e+00	3.38117e-04
1.92100e+04	3.47018e+00	3.38416e-04
1.92200e+04	3.47018e+00	3.38709e-04
1.92300e+04	3.47018e+00	3.38995e-04
1.92400e+04	3.47018e+00	3.39276e-04
1.92500e+04	3.47018e+00	3.39550e-04
1.92600e+04	3.47018e+00	3.39818e-04
1.92700e+04	3.47018e+00	3.40079e-04
1.92800e+04	3.47018e+00	3.40334e-04
1.92900e+04	3.47018e+00	3.40581e-04
1.93000e+04	3.47018e+00	3.40821e-04
1.93100e+04	3.47018e+00	3.41053e-04
1.93200e+04	3.47018e+00	3.41277e-04
1.93300e+04	3.47018e+00	3.41494e-04
1.93400e+04	3.47018e+00	3.41703e-04
1.93500e+04	3.47018e+00	3.41903e-04
1.93600e+04	3.47018e+00	3.42095e-04
1.93700e+04	3.47018e+00	3.42279e-04
1.93800e+04	3.47018e+00	3.42454e-04
1.93900e+04	3.47019e+00	3.42619e-04
1.94000e+04	3.47019e+00	3.42776e-04
1.94100e+04	3.47019e+00	3.42924e-04
1.94200e+04	3.47019e+00	3.43062e-04
1.94300e+04	3.47019e+00	3.43191e-04
1.94400e+04	3.47019e+00	3.43310e-04
1.94500e+04	3.47019e+00	3.43419e-04
1.94600e+04	3.47019e+00	3.43518e-04
1.94700e+04	3.47019e+00	3.43607e-04
1.94800e+04	3.47019e+00	3.43686e-04
1.94900e+04	3.47019e+00	3.43755e-04
1.95000e+04	3.47019e+00	3.43814e-04
1.95100e+04	3.47019e+00	3.43861e-04
1.95200e+04	3.47019e+00	3.43898e-04
1.95300e+04	3.47019e+00	3.43925e-04
1.95400e+04	3.47020e+00	3.43940e-04
1.95500e+04	3.47020e+00	3.43945e-04
1.95600e+04	3.47020e+00	3.43939e-04
1.95700e+04	3.47020e+00	3.43921e-04
1.95800e+04	3.47020e+00	3.43892e-04
1.95900e+04	3.47020e+00	3.43852e-04
1.96000e+04	3.47020e+00	3.43801e-04
1.96100e+04	3.47020e+00	3.43738e-04
1.96200e+04	3.47020e+00	3.43664e-04
1.96300e+04	3.47020e+00	3.43578e-04
1.96400e+04	3.47020e+00	3.43481e-04
1.96500e+04	3.47020e+00	3.43372e-04
1.96600e+04	3.47020e+00	3.43251e-04
1.96700e+04	3.47021e+00	3.43119e-04
1.96800e+04	3.47021e+00	3.42974e-04
1.96900e+04	3.47021e+00	3.42818e-04
1.97000e+04	3.47021e+00	3.42650e-04
1.97100e+04	3.47021e+00	3.42471e-04
1.97200e+04	3.47021e+00	3.42279e-04
1.97300e+04	3.47021e+00	3.42076e-04
1.97400e+04	3.47021e+00	3.41861e-04
1.97500e+04	3.47021e+00	3.41633e-04
1.97600e+04	3.47021e+00	3.41395e-04
1.97700e+04	3.47021e+00	3.41144e-04
1.97800e+04	3.47021e+00	3.40881e-04
1.97900e+04	3.47022e+00	3.40606e-04
1.98000e+04	3.47022e+00	3.40320e-04
1.98100e+04	3.47022e+00	3.40022e-04
1.98200e+04	3.47022e+00	3.39712e-04
1.98300e+04	3.47022e+00	3.39390e-04
1.98400e+04	3.47022e+00	3.39057e-04
1.98500e+04	3.47022e+00	3.38712e-04
1.98600e+04	3.47022e+00	3.38355e-04
1.98700e+04	3.47022e+00	3.37987e-04
1.98800e+04	3.47022e+00	3.37607e-04
1.98900e+04	3.47022e+00	3.37216e-04
1.99000e+04	3.47022e+00	3.36814e-04
1.99100e+04	3.47023e+00	3.36400e-04
1.99200e+04	3.47023e+00	3.35975e-04
1.99300e+04	3.47023e+00	3.35538e-04
1.99400e+04	3.47023e+00	3.35091e-04
1.99500e+04	3.47023e+00	3.34632e-04
1.99600e+04	3.47023e+00	3.34163e-04
1.99700e+04	3.47023e+00	3.33683e-04
1.99800e+04	3.47023e+00	3.33192e-04
1.99900e+04	3.47023e+00	3.32690e-04
2.00000e+04	3.47023e+00	3.32178e-04
